KEYPOINTS_A 56
67 34 2.53984 -2.0944
316 34 2.53984 -1.5708
466 161 2.53984 -1.5708
380 182 2.53984 -1.0472
72 201 2.53984 1.0472
330 304 2.53984 -2.61799
322 307 2.53984 -2.61799
315 321 2.53984 -2.61799
314 323 2.53984 -2.61799
328 343 2.53984 2.0944
343 35 3.2 -1.5708
40 52 3.2 2.44346
311 62 3.2 -2.96706
82 64 3.2 0.523599
628 68 3.2 1.22173
342 69 3.2 1.74533
337 161 3.2 -2.61799
90 173 3.2 -1.0472
102 181 3.2 -0.872665
75 198 3.2 1.0472
542 198 3.2 0.872665
480 201 3.2 2.0944
183 207 3.2 1.91986
514 221 3.2 0.872665
351 225 3.2 2.44346
330 306 3.2 -2.61799
319 312 3.2 -2.61799
217 313 3.2 -0.872665
316 318 3.2 -2.61799
193 319 3.2 -2.61799
219 326 3.2 -0.698132
188 327 3.2 -2.61799
318 330 3.2 2.0944
185 332 3.2 -2.61799
216 337 3.2 1.0472
180 340 3.2 -2.61799
211 340 3.2 1.0472
631 343 3.2 1.74533
203 345 3.2 1.0472
198 348 3.2 1.0472
183 349 3.2 1.0472
618 352 2.53984 1.74533
600 302 3.2 -2.26893
312 314 3.2 -2.61799
186 322 3.2 -2.61799
210 346 3.2 1.0472
88 184 2.53984 0.698132
204 328 2.53984 -2.61799
64 56 3.2 -0.523599
624 56 3.2 1.74533
496 68 3.2 -2.79253
196 184 3.2 0.174533
332 324 3.2 -0.174533
336 48 2.53984 -0.872665
352 192 2.53984 2.96706
504 184 3.2 -0.698132
KEYPOINTS_B 59
29 5 2.53984 -2.0944
278 5 2.53984 -2.96706
428 132 2.53984 -1.5708
342 153 2.53984 -1.0472
34 172 2.53984 1.0472
292 275 2.53984 -2.61799
284 278 2.53984 -2.61799
277 292 2.53984 -2.61799
276 294 2.53984 -2.61799
290 314 2.53984 2.0944
306 7 3.2 -0.872665
273 33 3.2 -2.96706
44 35 3.2 0.523599
304 40 3.2 1.74533
299 132 3.2 -2.61799
52 144 3.2 -1.0472
64 152 3.2 -0.872665
37 169 3.2 1.0472
504 169 3.2 0.872665
442 172 3.2 2.0944
145 178 3.2 1.91986
619 186 3.2 1.39626
476 192 3.2 0.872665
313 196 3.2 2.44346
292 277 3.2 -2.61799
281 283 3.2 -2.61799
179 284 3.2 -0.872665
278 289 3.2 -2.61799
155 290 3.2 -2.61799
181 297 3.2 -0.698132
600 297 3.2 0.349066
150 298 3.2 -2.61799
280 301 3.2 2.0944
147 303 3.2 -2.61799
178 308 3.2 1.0472
603 309 3.2 0.349066
142 311 3.2 -2.61799
173 311 3.2 1.0472
165 316 3.2 1.0472
160 319 3.2 1.0472
145 320 3.2 1.0472
562 274 3.2 -2.26893
600 278 3.2 -0.698132
310 282 3.2 -0.523599
274 284 3.2 -2.61799
148 292 3.2 -2.61799
174 316 3.2 1.0472
578 324 3.2 1.74533
52 156 2.53984 0.872665
168 296 2.53984 -2.44346
24 28 3.2 2.26893
588 28 3.2 1.39626
456 40 3.2 -2.79253
292 296 3.2 -0.523599
580 296 3.2 -2.44346
296 16 2.53984 -0.174533
312 160 2.53984 -3.14159
608 160 2.53984 -3.14159
472 160 3.2 1.5708
MATCHES 46
2 2 0
3 3 0
4 4 0
5 5 0
6 6 0
7 7 0
8 8 0
9 9 0
11 29 0.125415
12 11 0
13 12 0
15 13 0
16 14 0
17 15 0
18 16 0
19 17 0
20 18 0
21 19 0
22 20 0
23 22 0
24 23 0
25 24 0
26 25 0
27 26 0
28 27 0
29 28 0
30 29 0
31 31 0
32 32 0
33 33 0
34 34 0
35 36 0
36 37 0
37 21 0.107628
38 38 0
39 39 0
40 40 0
41 41 0.144038
42 41 0.09944
43 44 0.200174
44 45 0.082936
45 46 0.230463
46 48 0.235408
47 49 0.298738
49 55 0.507659
54 56 0.172436
