KEYPOINTS_A 75
211 43 2.53984 2.26893
334 144 2.53984 -0.174533
194 149 2.53984 -2.61799
83 151 2.53984 -1.39626
197 156 2.53984 -2.61799
180 173 2.53984 -2.26893
187 182 2.53984 1.91986
601 287 2.53984 1.22173
608 290 2.53984 1.22173
599 294 2.53984 1.22173
481 307 2.53984 0.698132
82 437 2.53984 1.91986
600 501 2.53984 2.0944
354 582 2.53984 1.91986
228 583 2.53984 0.698132
363 12 3.2 -0.698132
461 14 3.2 2.26893
732 15 3.2 2.0944
193 25 3.2 2.44346
203 147 3.2 -2.61799
85 152 3.2 2.44346
227 153 3.2 -0.349066
116 156 3.2 0.523599
612 159 3.2 -2.26893
182 172 3.2 -2.26893
596 172 3.2 -2.26893
105 173 3.2 0.523599
337 173 3.2 1.5708
198 180 3.2 1.91986
476 267 3.2 -0.174533
626 275 3.2 -1.22173
590 291 3.2 1.22173
80 300 3.2 -2.44346
357 301 3.2 0
69 302 3.2 -2.44346
92 304 3.2 -0.523599
223 305 3.2 -0.698132
65 308 3.2 -2.44346
200 310 3.2 -2.61799
90 314 3.2 -0.523599
67 318 3.2 1.39626
212 339 3.2 0.698132
199 438 3.2 -2.0944
221 442 3.2 0.174533
587 442 3.2 -0.523599
100 443 3.2 1.0472
576 445 3.2 -2.26893
360 449 3.2 -2.0944
563 457 3.2 2.79253
322 470 3.2 -2.0944
575 483 3.2 2.26893
335 550 3.2 -0.523599
591 559 3.2 -1.5708
314 567 3.2 1.91986
182 569 3.2 -1.5708
206 569 3.2 -1.0472
461 572 3.2 -2.0944
624 579 3.2 0.872665
448 581 3.2 2.61799
608 166 3.2 -2.26893
104 160 2.53984 -1.0472
452 160 2.53984 2.96706
328 164 2.53984 -2.96706
80 312 2.53984 1.39626
100 432 2.53984 -2.0944
84 28 3.2 0
208 164 3.2 1.22173
600 276 3.2 1.5708
468 288 3.2 0.174533
340 300 3.2 0.698132
212 316 3.2 0
344 464 3.2 0.698132
332 564 3.2 -0.523599
200 456 2.53984 -1.5708
584 472 2.53984 2.44346
KEYPOINTS_B 94
226 21 2.53984 -2.44346
268 41 2.53984 -1.0472
7 133 2.53984 -0.872665
393 139 2.53984 -1.74533
285 176 2.53984 -0.523599
606 198 2.53984 -1.5708
162 222 2.53984 -1.74533
585 226 2.53984 0.872665
186 245 2.53984 0.872665
148 248 2.53984 -2.61799
150 255 2.53984 -2.61799
170 257 2.53984 1.5708
51 268 2.53984 -1.74533
329 334 2.53984 2.96706
633 375 2.53984 -0.872665
614 376 2.53984 -2.61799
244 379 2.53984 0.174533
647 389 2.53984 -0.523599
226 394 2.53984 2.26893
99 408 2.53984 -1.0472
614 408 2.53984 2.44346
165 513 2.53984 -2.26893
685 527 2.53984 0.523599
148 537 2.53984 -2.96706
424 555 2.53984 -0.872665
32 556 2.53984 -1.22173
550 563 2.53984 2.26893
455 581 2.53984 1.5708
750 1 3.2 2.96706
360 10 3.2 1.91986
100 81 3.2 -1.5708
89 91 3.2 2.61799
551 95 3.2 -2.61799
541 112 3.2 -2.61799
134 122 3.2 1.91986
604 199 3.2 -1.5708
564 203 3.2 -1.74533
283 207 3.2 2.96706
187 220 3.2 -0.698132
575 226 3.2 2.61799
153 239 3.2 -2.96706
460 242 3.2 -0.523599
192 248 3.2 0.872665
187 252 3.2 0.872665
181 257 3.2 0.872665
84 262 3.2 0.174533
53 268 3.2 2.0944
79 282 3.2 2.0944
360 316 3.2 0.349066
347 344 3.2 2.0944
235 365 3.2 -1.0472
215 377 3.2 -2.96706
607 391 3.2 2.44346
237 401 3.2 0.349066
627 412 3.2 1.91986
114 419 3.2 -0.872665
93 431 3.2 1.0472
104 433 3.2 1.0472
413 454 3.2 -2.44346
668 478 3.2 -1.91986
415 481 3.2 0
706 485 3.2 -0.872665
259 498 3.2 -2.44346
661 515 3.2 2.0944
551 534 3.2 -2.44346
167 536 3.2 0.698132
262 544 3.2 2.44346
572 546 3.2 -0.872665
541 548 3.2 2.26893
19 558 3.2 -1.22173
584 558 3.2 0.523599
413 561 3.2 -2.61799
409 568 3.2 -2.61799
45 569 3.2 -1.0472
577 570 3.2 1.91986
453 580 3.2 -0.872665
550 104 3.2 -2.61799
404 152 2.53984 2.61799
288 196 2.53984 2.96706
72 272 2.53984 -1.5708
104 420 2.53984 0
164 524 2.53984 -2.26893
580 208 3.2 -1.5708
176 236 3.2 0.872665
460 264 3.2 -0.174533
344 320 3.2 0
228 376 3.2 2.96706
404 476 3.2 1.22173
564 552 3.2 -0.872665
428 572 3.2 -0.698132
240 48 2.53984 1.5708
632 392 2.53984 -1.39626
680 496 2.53984 -2.96706
264 520 2.53984 2.44346
MATCHES 36
0 4 0.118053
1 4 0.162942
2 7 0.227851
3 12 0.112408
5 4 0.161201
6 42 0.123144
8 20 0.0541939
9 7 0.089122
10 7 0.163987
11 32 0.213959
13 12 0.176742
16 29 0.112073
19 63 0.0749413
20 46 0.181725
22 34 0.089526
23 32 0.101562
25 33 0.156808
26 32 0.245048
27 49 0.234465
28 11 0.154962
30 35 0.111535
34 7 0.201282
35 7 0.202582
36 50 0.0904826
38 51 0.167808
40 56 0.113519
42 62 0.112869
45 65 0.173714
46 29 0.0678995
50 54 0.0536984
52 59 0.0667469
55 30 0.107592
58 64 0.10202
59 76 0.210574
69 88 0.116147
70 83 0.175279
