KEYPOINTS_A 141
499 74 2.53984 -0.174533
345 106 2.53984 0.872665
484 163 2.53984 -2.61799
762 168 2.53984 -0.349066
894 205 2.53984 -0.523599
374 206 2.53984 -1.22173
367 209 2.53984 -1.22173
80 229 2.53984 -0.872665
201 231 2.53984 -2.79253
901 233 2.53984 1.0472
606 348 2.53984 -2.61799
594 371 2.53984 2.0944
332 376 2.53984 -2.26893
892 378 2.53984 1.91986
392 383 2.53984 -0.523599
894 385 2.53984 1.91986
815 490 2.53984 1.0472
486 494 2.53984 -0.349066
792 506 2.53984 1.22173
776 513 2.53984 1.22173
631 514 2.53984 0.698132
503 611 2.53984 -1.0472
885 624 2.53984 -2.61799
88 629 2.53984 -2.26893
599 639 2.53984 -2.0944
607 641 2.53984 -2.0944
205 653 2.53984 1.91986
105 671 2.53984 1.22173
333 50 3.2 2.96706
481 54 3.2 -1.39626
858 54 3.2 2.79253
229 62 3.2 -2.0944
443 67 3.2 -1.91986
888 74 3.2 0.698132
661 78 3.2 0.174533
623 80 3.2 -2.96706
461 83 3.2 1.39626
370 85 3.2 0.872665
651 87 3.2 0.349066
104 89 3.2 0.872665
50 94 3.2 2.26893
70 111 3.2 1.0472
484 165 3.2 -2.61799
740 176 3.2 -2.26893
627 194 3.2 -1.22173
217 199 3.2 -1.22173
466 203 3.2 2.0944
36 209 3.2 -2.26893
614 215 3.2 1.91986
781 218 3.2 0.698132
23 222 3.2 2.61799
510 226 3.2 -0.349066
659 229 3.2 0.698132
779 231 3.2 0.698132
892 231 3.2 1.0472
761 238 3.2 0.872665
386 239 3.2 0.698132
375 241 3.2 0.698132
219 250 3.2 1.0472
895 336 3.2 -2.26893
369 346 3.2 -2.26893
890 347 3.2 -2.79253
203 354 3.2 -1.39626
877 360 3.2 -2.79253
881 371 3.2 2.0944
183 377 3.2 -2.44346
242 378 3.2 -0.523599
390 382 3.2 -0.523599
235 389 3.2 1.22173
625 389 3.2 2.0944
213 390 3.2 1.22173
207 470 3.2 -2.44346
242 471 3.2 -0.872665
595 472 3.2 -1.91986
1006 481 3.2 2.79253
754 483 3.2 2.79253
475 486 3.2 -0.872665
873 486 3.2 -2.79253
913 487 3.2 -1.0472
813 489 3.2 -0.698132
626 491 3.2 -0.698132
79 492 3.2 0.872665
870 493 3.2 -2.79253
225 494 3.2 2.44346
591 495 3.2 2.26893
877 495 3.2 -2.79253
56 497 3.2 2.44346
629 505 3.2 -0.698132
766 510 3.2 1.22173
492 517 3.2 0.872665
629 518 3.2 0.698132
467 536 3.2 2.26893
747 617 3.2 -1.39626
772 623 3.2 -0.698132
885 626 3.2 -2.61799
76 631 3.2 -2.26893
87 631 3.2 -2.26893
509 642 3.2 0.523599
596 649 3.2 2.44346
207 653 3.2 1.91986
758 656 3.2 2.79253
868 660 3.2 1.74533
237 661 3.2 -0.698132
108 662 3.2 -0.523599
892 664 3.2 -0.174533
893 736 3.2 -0.872665
742 168 3.2 -2.0944
896 222 3.2 -3.14159
780 236 3.2 0.698132
64 456 3.2 -1.5708
80 498 3.2 0.872665
506 606 3.2 -1.0472
514 644 3.2 0.523599
756 208 2.01587 -3.14159
220 652 2.53984 1.91986
604 652 2.53984 0
880 652 2.53984 -2.79253
224 84 3.2 -2.96706
352 84 3.2 2.79253
368 224 3.2 2.44346
224 472 3.2 -1.5708
60 480 3.2 -3.14159
892 496 3.2 1.22173
496 628 3.2 0
356 644 3.2 1.0472
88 652 3.2 -3.14159
880 48 2.53984 -2.61799
472 72 2.53984 1.5708
80 80 2.53984 -2.44346
488 200 2.53984 2.44346
640 208 2.53984 -1.0472
760 208 2.53984 0
224 224 2.53984 0
48 232 2.53984 -1.5708
912 352 2.53984 0.349066
216 368 2.53984 -1.22173
624 368 2.53984 1.39626
360 376 2.53984 -1.74533
784 480 2.53984 1.39626
608 496 2.53984 1.91986
768 640 2.53984 -3.14159
KEYPOINTS_B 198
796 8 2.53984 2.79253
984 12 2.53984 -2.0944
438 28 2.53984 -0.174533
958 54 2.53984 2.26893
284 60 2.53984 0.872665
423 117 2.53984 -2.61799
701 122 2.53984 -0.349066
833 159 2.53984 -0.523599
313 160 2.53984 -1.22173
306 163 2.53984 -1.22173
19 183 2.53984 -0.872665
979 183 2.53984 2.44346
140 185 2.53984 -2.79253
840 187 2.53984 1.0472
545 302 2.53984 -2.61799
989 304 2.53984 -1.22173
992 311 2.53984 0.523599
991 313 2.53984 0.523599
990 315 2.53984 0.523599
989 317 2.53984 0.523599
986 323 2.53984 0.523599
533 325 2.53984 2.0944
985 325 2.53984 0.523599
984 327 2.53984 0.523599
271 330 2.53984 -2.26893
831 332 2.53984 1.91986
331 337 2.53984 -0.523599
833 339 2.53984 1.91986
754 444 2.53984 1.0472
425 448 2.53984 -0.349066
731 460 2.53984 1.22173
715 467 2.53984 1.22173
570 468 2.53984 0.698132
442 565 2.53984 -1.0472
824 578 2.53984 -2.61799
989 580 2.53984 -2.44346
27 583 2.53984 -2.26893
975 587 2.53984 -2.44346
538 593 2.53984 -2.0944
546 595 2.53984 -2.0944
968 595 2.53984 -1.91986
144 607 2.53984 1.91986
44 625 2.53984 1.22173
1017 625 2.53984 -0.349066
695 715 2.53984 -0.872665
411 721 2.53984 -2.79253
873 725 2.53984 -0.872665
818 741 2.53984 -2.96706
420 8 3.2 -1.39626
994 14 3.2 -0.349066
168 16 3.2 -2.0944
972 18 3.2 -2.0944
382 21 3.2 -1.91986
827 28 3.2 0.698132
960 31 3.2 -1.91986
600 32 3.2 0.174533
562 34 3.2 -2.96706
400 37 3.2 1.39626
309 39 3.2 0.872665
590 41 3.2 0.349066
43 43 3.2 0.872665
973 66 3.2 1.5708
989 66 3.2 1.5708
423 119 3.2 -2.61799
679 130 3.2 -2.26893
566 148 3.2 -1.22173
156 153 3.2 -1.22173
405 157 3.2 2.0944
553 169 3.2 1.91986
720 172 3.2 0.698132
449 180 3.2 -0.349066
598 183 3.2 0.698132
718 185 3.2 0.698132
831 185 3.2 1.0472
700 192 3.2 0.872665
325 193 3.2 0.698132
314 195 3.2 0.698132
158 204 3.2 1.0472
8 205 3.2 0.349066
834 290 3.2 -2.26893
308 300 3.2 -2.26893
829 301 3.2 -2.79253
142 308 3.2 -1.39626
816 314 3.2 -2.79253
820 325 3.2 2.0944
122 331 3.2 -2.44346
181 332 3.2 -0.523599
329 336 3.2 -0.523599
174 343 3.2 1.22173
564 343 3.2 2.0944
152 344 3.2 1.22173
146 424 3.2 -2.44346
181 425 3.2 -0.872665
534 426 3.2 -1.91986
945 435 3.2 2.79253
972 436 3.2 0.349066
693 437 3.2 2.79253
414 440 3.2 -0.872665
812 440 3.2 -2.79253
852 441 3.2 -1.0472
752 443 3.2 -0.698132
565 445 3.2 -0.698132
18 446 3.2 0.872665
809 447 3.2 -2.79253
164 448 3.2 2.44346
967 448 3.2 0.349066
530 449 3.2 2.26893
816 449 3.2 -2.79253
974 450 3.2 0.349066
973 452 3.2 0.349066
972 455 3.2 0.349066
971 457 3.2 0.349066
568 459 3.2 -0.698132
970 460 3.2 0.349066
969 462 3.2 0.349066
705 464 3.2 1.22173
959 468 3.2 0.349066
431 471 3.2 0.872665
568 472 3.2 0.698132
406 490 3.2 2.26893
686 571 3.2 -1.39626
711 577 3.2 -0.698132
824 580 3.2 -2.61799
989 582 3.2 -2.44346
15 585 3.2 -2.26893
26 585 3.2 -2.26893
448 596 3.2 0.523599
535 603 3.2 2.44346
146 607 3.2 1.91986
697 610 3.2 2.79253
807 614 3.2 1.74533
176 615 3.2 -0.698132
47 616 3.2 -0.523599
831 618 3.2 -0.174533
1015 625 3.2 0.872665
1000 635 3.2 1.0472
832 690 3.2 -0.872665
948 714 3.2 -2.44346
13 716 3.2 -1.91986
685 721 3.2 -2.79253
684 724 3.2 -2.79253
976 728 3.2 -1.0472
935 729 3.2 2.61799
433 732 3.2 -0.872665
716 738 3.2 -0.698132
435 744 3.2 0.872665
945 746 3.2 1.5708
868 750 3.2 0.174533
394 751 3.2 -2.79253
832 751 3.2 1.5708
700 762 3.2 1.22173
970 14 3.2 -2.0944
946 42 3.2 -3.14159
1006 62 3.2 0.523599
958 70 3.2 2.26893
682 122 3.2 -2.0944
836 176 3.2 -3.14159
718 192 3.2 0.698132
18 452 3.2 0.872665
444 560 3.2 -1.0472
452 598 3.2 0.523599
696 160 2.01587 -0.349066
160 608 2.53984 1.91986
544 608 2.53984 -0.174533
164 36 3.2 -0.174533
292 36 3.2 2.79253
964 148 3.2 2.61799
308 176 3.2 1.74533
968 316 3.2 -1.74533
164 428 3.2 -1.39626
960 440 3.2 0
832 448 3.2 1.39626
436 584 3.2 0.523599
296 596 3.2 1.0472
820 604 3.2 -3.14159
28 608 3.2 -0.349066
956 732 3.2 -1.39626
704 740 3.2 2.96706
416 744 3.2 -2.96706
576 8 2.53984 2.96706
408 24 2.53984 2.0944
976 40 2.53984 -3.14159
424 152 2.53984 2.44346
696 160 2.53984 0
584 168 2.53984 -1.39626
160 176 2.53984 0.523599
848 312 2.53984 0.349066
560 320 2.53984 2.0944
152 328 2.53984 -0.698132
304 328 2.53984 -1.74533
720 440 2.53984 1.5708
544 448 2.53984 1.91986
704 592 2.53984 -0.698132
992 608 2.53984 1.5708
848 728 2.53984 -3.14159
704 744 2.53984 -0.698132
416 752 2.53984 -0.349066
8 40 3.2 0.174533
MATCHES 114
0 2 0
1 4 0
2 5 0
3 6 0
4 7 0
5 8 0
6 9 0
7 10 5.73752e-08
8 12 0
9 13 0
10 14 0
11 21 0
12 24 0
13 25 0
14 26 0
15 27 0
16 28 0
17 29 0
18 30 0
19 31 0
20 32 0
21 33 0
22 34 0
23 36 0
24 38 0
25 39 0
26 41 0
27 42 0
28 122 0.194218
29 48 0.0242885
31 50 2.01756e-06
32 52 0
33 53 0
34 55 0
35 56 0
36 57 0
37 58 0
38 59 0
39 60 0
42 63 0
43 64 0
44 65 0
45 66 0
46 67 0
48 68 0
49 69 0
51 70 0
52 71 0
53 72 0
54 73 0
55 74 0
56 75 0
57 76 0
58 77 0
59 79 0
60 80 0
61 81 0
62 82 0
63 83 0
64 84 0
65 85 0
66 86 0
67 87 0
68 88 0
69 89 0
70 90 0
71 91 0
72 92 0
73 93 0
74 94 3.67367e-07
75 96 0
76 97 0
77 98 0
78 99 0
79 100 0
80 101 0
81 102 1.91308e-07
82 103 0
83 104 0
84 106 0
85 107 0
86 117 0.132213
87 112 0
88 115 0
89 117 0
90 118 0
91 119 0
92 120 0
93 121 0
94 122 0
95 124 1.36267e-05
96 125 0
97 126 0
98 127 0
99 128 0
100 129 0
101 130 0
102 131 0
103 132 0
104 133 0
105 136 0
106 155 0.146383
107 156 0.160985
108 153 0.150793
109 153 0.116857
110 158 0.16327
111 159 0.167314
112 160 0.0884764
114 162 0.206107
118 165 0.130999
120 169 0.188421
124 173 0.131831
131 183 0.140101
139 191 0.177845
