KEYPOINTS_A 313
281 53 2.53984 -1.0472
87 72 2.53984 0.349066
697 75 2.53984 0.698132
81 85 2.53984 1.0472
65 92 2.53984 1.91986
819 148 2.53984 2.96706
726 167 2.53984 -2.0944
609 175 2.53984 -2.61799
921 175 2.53984 -0.174533
274 187 2.53984 0.698132
826 188 2.53984 2.96706
734 190 2.53984 -0.349066
720 206 2.53984 0.698132
1136 214 2.53984 2.44346
898 293 2.53984 2.96706
901 303 2.53984 1.74533
725 306 2.53984 0.523599
724 308 2.53984 0.523599
723 310 2.53984 0.523599
175 311 2.53984 2.0944
166 312 2.53984 2.0944
404 334 2.53984 0.523599
390 352 2.53984 2.61799
720 429 2.53984 -1.22173
907 432 2.53984 2.0944
911 520 2.53984 -2.0944
909 521 2.53984 -2.0944
907 522 2.53984 -2.0944
390 537 2.53984 -0.872665
1257 547 2.53984 -1.0472
845 548 2.53984 -0.698132
1249 549 2.53984 -1.0472
1119 550 2.53984 2.96706
1261 556 2.53984 -1.0472
377 558 2.53984 -2.61799
606 561 2.53984 0.872665
954 561 2.53984 0.523599
953 563 2.53984 0.523599
951 567 2.53984 0.523599
950 569 2.53984 0.523599
942 572 2.53984 0.523599
801 573 2.53984 1.5708
164 644 2.53984 -2.0944
365 645 2.53984 -2.61799
284 667 2.53984 0.349066
1236 669 2.53984 -1.5708
900 682 2.53984 2.44346
1022 683 2.53984 -0.872665
277 689 2.53984 0.349066
941 699 2.53984 0.349066
31 759 2.53984 -1.91986
39 762 2.53984 -1.91986
823 773 2.53984 -1.22173
835 785 2.53984 0.174533
394 816 2.53984 1.0472
808 827 2.53984 2.96706
179 836 2.53984 1.22173
1131 888 2.53984 -1.0472
1123 890 2.53984 -1.0472
267 899 2.53984 -1.0472
515 899 2.53984 0.349066
1271 903 2.53984 0.523599
278 905 2.53984 -1.0472
1275 908 2.53984 0.523599
1274 910 2.53984 0.523599
289 911 2.53984 -1.0472
1273 912 2.53984 0.523599
1018 914 2.53984 -2.61799
292 928 2.53984 1.0472
38 931 2.53984 -2.26893
1056 945 2.53984 1.22173
61 952 2.53984 2.26893
715 36 3.2 -0.174533
170 37 3.2 -0.174533
257 43 3.2 -2.44346
1250 47 3.2 -0.698132
685 49 3.2 -2.79253
279 53 3.2 1.39626
172 58 3.2 0
61 59 3.2 -1.91986
146 65 3.2 1.39626
39 68 3.2 2.61799
47 83 3.2 2.61799
35 157 3.2 -0.698132
380 172 3.2 -1.74533
1224 173 3.2 -1.5708
408 178 3.2 -0.872665
54 186 3.2 -0.523599
826 186 3.2 2.96706
697 188 3.2 2.26893
24 189 3.2 -2.79253
238 198 3.2 -2.26893
1055 198 3.2 -0.698132
1124 198 3.2 -2.44346
1027 203 3.2 2.61799
268 205 3.2 0.698132
592 206 3.2 1.74533
1168 213 3.2 1.0472
1156 221 3.2 1.0472
1047 222 3.2 0.349066
273 272 3.2 -2.44346
155 280 3.2 -2.26893
930 283 3.2 0
1035 285 3.2 -0.523599
391 288 3.2 -0.523599
152 294 3.2 -2.44346
71 296 3.2 -1.74533
692 299 3.2 -1.5708
721 299 3.2 -1.5708
679 301 3.2 -2.44346
48 304 3.2 2.44346
301 305 3.2 0.872665
156 306 3.2 2.0944
159 308 3.2 2.0944
162 310 3.2 2.0944
1026 311 3.2 2.61799
81 313 3.2 -0.523599
714 313 3.2 0.523599
287 315 3.2 1.0472
1241 319 3.2 1.0472
62 320 3.2 1.22173
409 320 3.2 0.349066
698 324 3.2 1.0472
711 324 3.2 1.0472
695 326 3.2 1.0472
664 328 3.2 -2.44346
701 331 3.2 1.0472
698 333 3.2 1.0472
695 335 3.2 1.0472
675 339 3.2 2.26893
925 395 3.2 -2.0944
73 408 3.2 0.174533
888 419 3.2 2.0944
927 419 3.2 0
771 423 3.2 2.96706
69 427 3.2 1.74533
152 429 3.2 2.44346
182 429 3.2 -1.5708
775 439 3.2 2.79253
1124 439 3.2 1.39626
273 440 3.2 -2.61799
1239 441 3.2 2.44346
168 447 3.2 0.698132
728 449 3.2 -0.349066
1253 455 3.2 2.26893
820 459 3.2 1.74533
920 523 3.2 -1.39626
468 528 3.2 -1.5708
490 528 3.2 -1.5708
945 529 3.2 -1.22173
905 531 3.2 -2.0944
802 533 3.2 -2.0944
815 534 3.2 -2.0944
391 539 3.2 -0.872665
724 544 3.2 0.523599
796 545 3.2 2.96706
139 549 3.2 -1.5708
1220 550 3.2 -1.91986
916 553 3.2 2.61799
1026 553 3.2 -0.698132
1140 557 3.2 -1.22173
415 563 3.2 0
83 572 3.2 0.872665
1045 578 3.2 1.39626
1221 580 3.2 2.0944
1237 590 3.2 1.91986
1226 592 3.2 2.0944
1254 593 3.2 1.74533
268 637 3.2 -1.74533
159 656 3.2 -2.96706
280 657 3.2 -0.523599
822 661 3.2 -1.39626
473 663 3.2 2.79253
921 663 3.2 -1.0472
810 668 3.2 2.79253
186 670 3.2 -0.174533
351 675 3.2 2.44346
946 678 3.2 0.174533
481 683 3.2 0.523599
1032 683 3.2 -0.872665
250 686 3.2 2.79253
1243 691 3.2 2.0944
269 692 3.2 0.349066
828 692 3.2 0.349066
370 698 3.2 2.44346
916 698 3.2 2.44346
1043 706 3.2 1.74533
180 780 3.2 -0.523599
378 786 3.2 -0.523599
156 790 3.2 -2.79253
155 792 3.2 -2.79253
905 801 3.2 -2.44346
893 816 3.2 2.44346
375 827 3.2 1.0472
169 833 3.2 1.22173
1242 886 3.2 -1.74533
152 889 3.2 -0.872665
1146 897 3.2 -1.0472
1136 899 3.2 -1.0472
693 900 3.2 -1.22173
677 902 3.2 -2.26893
671 906 3.2 -2.0944
1043 908 3.2 -0.523599
1148 908 3.2 0.872665
667 909 3.2 -2.26893
510 910 3.2 0.349066
130 911 3.2 2.96706
725 911 3.2 0.698132
58 914 3.2 -2.26893
814 915 3.2 -1.39626
941 917 3.2 -0.349066
837 918 3.2 -1.39626
492 919 3.2 2.96706
514 919 3.2 0.349066
292 920 3.2 -1.0472
726 921 3.2 0.698132
918 922 3.2 -2.0944
1021 923 3.2 -2.61799
503 925 3.2 1.91986
1253 925 3.2 0.872665
78 931 3.2 -0.872665
907 937 3.2 -2.0944
169 940 3.2 1.74533
1047 941 3.2 1.22173
83 946 3.2 -0.349066
828 951 3.2 1.74533
1142 406 2.53984 -1.39626
1116 424 2.53984 -2.96706
890 802 2.53984 -2.44346
932 814 2.53984 0
704 288 3.2 -1.5708
1246 310 3.2 -2.79253
280 434 3.2 1.0472
1140 448 3.2 1.39626
934 514 3.2 -1.39626
1228 534 3.2 -1.74533
1256 540 3.2 -1.0472
900 548 3.2 2.61799
958 566 3.2 0.523599
1208 566 3.2 -3.14159
920 570 3.2 2.0944
1270 574 3.2 0.174533
72 576 3.2 -1.74533
286 678 3.2 0.349066
150 792 3.2 -2.79253
152 826 3.2 2.79253
186 840 3.2 1.22173
1218 910 3.2 2.79253
1240 934 3.2 1.91986
1240 568 2.01587 0.174533
928 40 2.53984 2.96706
160 52 2.53984 -2.79253
260 52 2.53984 1.39626
380 52 2.53984 1.91986
1252 64 2.53984 1.5708
500 164 2.53984 1.39626
828 164 2.53984 0.174533
392 180 2.53984 -1.5708
1232 180 2.53984 -3.14159
604 196 2.53984 -2.79253
164 296 2.53984 -0.523599
64 308 2.53984 1.74533
64 416 2.53984 0
364 416 2.53984 -1.74533
168 436 2.53984 -1.39626
476 436 2.53984 -1.91986
600 548 2.53984 1.74533
1028 572 2.53984 1.74533
692 664 2.53984 0
480 672 2.53984 2.96706
1028 696 2.53984 -3.14159
588 784 2.53984 -0.872665
264 816 2.53984 0.174533
276 916 2.53984 2.0944
700 48 3.2 -0.523599
64 76 3.2 -1.22173
36 176 3.2 -2.79253
716 188 3.2 -3.14159
256 196 3.2 0.523599
912 196 3.2 0
1040 204 3.2 2.96706
284 296 3.2 -0.523599
916 296 3.2 1.5708
1028 296 3.2 -0.523599
912 416 3.2 0.872665
1136 428 3.2 1.5708
708 436 3.2 1.74533
480 540 3.2 -1.5708
708 548 3.2 2.26893
156 560 3.2 2.0944
1132 568 3.2 -1.5708
172 664 3.2 -2.96706
824 676 3.2 0.174533
1244 680 3.2 -1.5708
36 780 3.2 2.79253
1036 808 3.2 -2.96706
908 816 3.2 1.74533
500 904 3.2 2.96706
1128 908 3.2 2.44346
608 920 3.2 2.26893
1040 924 3.2 2.26893
824 932 3.2 -2.96706
932 932 3.2 -2.0944
688 320 2.53984 -2.0944
928 544 2.53984 2.44346
1240 568 2.53984 -1.5708
264 664 2.53984 2.26893
376 672 2.53984 -0.174533
920 680 2.53984 -1.5708
176 808 2.53984 -3.14159
368 808 2.53984 2.0944
1248 904 2.53984 -1.5708
64 944 2.53984 -1.5708
KEYPOINTS_B 313
274 48 2.53984 -1.0472
921 57 2.53984 -0.872665
80 67 2.53984 0.349066
74 80 2.53984 1.0472
1244 82 2.53984 2.79253
58 87 2.53984 1.91986
1254 154 2.53984 -0.698132
1239 166 2.53984 -2.79253
602 170 2.53984 -2.61799
800 177 2.53984 -2.0944
267 182 2.53984 0.698132
791 183 2.53984 -2.0944
168 306 2.53984 2.0944
159 307 2.53984 2.0944
934 307 2.53984 -0.349066
677 316 2.53984 -1.74533
397 329 2.53984 0.523599
1054 332 2.53984 1.22173
1045 342 2.53984 1.22173
383 347 2.53984 2.61799
1021 405 2.53984 -0.523599
1224 413 2.53984 -2.44346
945 418 2.53984 -1.0472
1227 430 2.53984 2.0944
1236 436 2.53984 2.0944
383 532 2.53984 -0.872665
370 553 2.53984 -2.61799
599 556 2.53984 0.872665
903 560 2.53984 -2.79253
922 565 2.53984 0.523599
918 573 2.53984 0.349066
911 575 2.53984 0.349066
914 582 2.53984 0.523599
913 584 2.53984 0.523599
912 586 2.53984 0.523599
157 639 2.53984 -2.0944
358 640 2.53984 -2.61799
277 662 2.53984 0.349066
809 665 2.53984 -0.174533
1232 669 2.53984 2.0944
707 671 2.53984 -1.91986
705 672 2.53984 -1.91986
701 679 2.53984 -1.91986
913 681 2.53984 2.61799
270 684 2.53984 0.349066
918 689 2.53984 1.91986
1132 694 2.53984 0.523599
804 698 2.53984 2.96706
811 701 2.53984 1.0472
24 754 2.53984 -1.91986
32 757 2.53984 -1.91986
1025 780 2.53984 -1.0472
1016 781 2.53984 -2.61799
1008 784 2.53984 -2.61799
1007 786 2.53984 -2.61799
694 791 2.53984 -2.96706
387 811 2.53984 1.0472
1056 821 2.53984 -0.349066
172 831 2.53984 1.22173
726 884 2.53984 -1.91986
260 894 2.53984 -1.0472
508 894 2.53984 0.349066
271 900 2.53984 -1.0472
282 906 2.53984 -1.0472
929 915 2.53984 -2.61799
285 923 2.53984 1.0472
31 926 2.53984 -2.26893
942 934 2.53984 -0.523599
1030 934 2.53984 2.61799
54 947 2.53984 2.26893
163 32 3.2 -0.174533
1010 34 3.2 -2.79253
250 38 3.2 -2.44346
1254 39 3.2 -1.0472
272 48 3.2 1.39626
165 53 3.2 0
54 54 3.2 -1.91986
1005 55 3.2 -2.96706
922 59 3.2 -0.872665
139 60 3.2 1.39626
723 60 3.2 -2.61799
32 63 3.2 2.61799
1040 68 3.2 -0.698132
40 78 3.2 2.61799
945 78 3.2 -0.872665
737 79 3.2 0.698132
1272 82 3.2 1.5708
734 83 3.2 0.698132
732 86 3.2 0.698132
729 90 3.2 0.698132
28 152 3.2 -0.698132
373 167 3.2 -1.74533
401 173 3.2 -0.872665
946 174 3.2 0.174533
796 179 3.2 -2.0944
807 180 3.2 -2.0944
47 181 3.2 -0.523599
793 181 3.2 -2.0944
17 184 3.2 -2.79253
790 192 3.2 2.0944
231 193 3.2 -2.26893
1232 195 3.2 -2.96706
261 200 3.2 0.698132
585 201 3.2 1.74533
806 202 3.2 2.0944
797 205 3.2 2.0944
266 267 3.2 -2.44346
148 275 3.2 -2.26893
384 283 3.2 -0.523599
145 289 3.2 -2.44346
1028 289 3.2 -2.79253
64 291 3.2 -1.74533
1027 291 3.2 -2.79253
41 299 3.2 2.44346
294 300 3.2 0.872665
149 301 3.2 2.0944
152 303 3.2 2.0944
155 305 3.2 2.0944
1028 307 3.2 -2.79253
74 308 3.2 -0.523599
280 310 3.2 1.0472
707 311 3.2 -1.74533
55 315 3.2 1.22173
402 315 3.2 0.349066
909 316 3.2 -1.91986
679 317 3.2 2.26893
1074 321 3.2 -0.174533
827 322 3.2 0.698132
695 327 3.2 2.0944
789 328 3.2 2.44346
897 332 3.2 1.74533
918 333 3.2 1.5708
799 338 3.2 1.39626
1029 342 3.2 1.22173
66 403 3.2 0.174533
1007 405 3.2 2.96706
705 412 3.2 -1.5708
734 416 3.2 -1.22173
1226 421 3.2 -2.44346
62 422 3.2 1.74533
691 423 3.2 2.0944
145 424 3.2 2.44346
175 424 3.2 -1.5708
944 430 3.2 0.698132
933 432 3.2 2.44346
1244 433 3.2 2.0944
1232 434 3.2 2.0944
266 435 3.2 -2.61799
161 442 3.2 0.698132
832 444 3.2 0.523599
1103 447 3.2 2.0944
1149 451 3.2 -0.698132
1137 465 3.2 0.698132
461 523 3.2 -1.5708
483 523 3.2 -1.5708
1142 526 3.2 -0.872665
384 534 3.2 -0.872665
1029 535 3.2 2.96706
1144 539 3.2 -0.698132
132 544 3.2 -1.5708
1068 548 3.2 -0.523599
408 558 3.2 0
918 558 3.2 -1.74533
1047 558 3.2 1.91986
677 561 3.2 2.96706
76 567 3.2 0.872665
905 586 3.2 0.523599
261 632 3.2 -1.74533
152 651 3.2 -2.96706
273 652 3.2 -0.523599
466 658 3.2 2.79253
179 665 3.2 -0.174533
911 665 3.2 2.61799
344 670 3.2 2.44346
1004 672 3.2 -0.872665
716 674 3.2 -0.698132
474 678 3.2 0.523599
1263 679 3.2 0.698132
243 681 3.2 2.79253
262 687 3.2 0.349066
363 693 3.2 2.44346
966 693 3.2 1.39626
942 697 3.2 1.91986
173 775 3.2 -0.523599
1245 777 3.2 -1.91986
371 781 3.2 -0.523599
1146 781 3.2 -1.91986
943 784 3.2 -0.523599
149 785 3.2 -2.79253
1035 786 3.2 -1.0472
148 787 3.2 -2.79253
931 788 3.2 -1.91986
1045 793 3.2 -1.0472
1010 795 3.2 2.26893
802 797 3.2 2.61799
1137 798 3.2 -2.96706
1170 804 3.2 0.872665
1255 807 3.2 1.5708
957 809 3.2 -0.523599
705 811 3.2 1.22173
1136 811 3.2 -3.14159
1054 819 3.2 -0.349066
368 822 3.2 1.0472
162 828 3.2 1.22173
145 884 3.2 -0.872665
732 889 3.2 -1.91986
1133 901 3.2 -2.0944
503 905 3.2 0.349066
123 906 3.2 2.96706
688 906 3.2 -1.91986
51 909 3.2 -2.26893
722 913 3.2 0.698132
485 914 3.2 2.96706
507 914 3.2 0.349066
1022 914 3.2 -1.39626
285 915 3.2 -1.0472
1040 918 3.2 0.523599
496 920 3.2 1.91986
724 922 3.2 0.698132
71 926 3.2 -0.872665
1031 932 3.2 2.61799
682 933 3.2 -2.96706
940 933 3.2 -0.523599
162 935 3.2 1.74533
72 954 3.2 0.349066
1228 436 2.53984 2.0944
1028 520 2.53984 -2.44346
922 574 2.53984 0.349066
1262 30 3.2 -1.0472
706 66 3.2 -2.79253
704 70 3.2 -2.79253
736 88 3.2 0.698132
1258 94 3.2 1.5708
1224 404 3.2 -2.44346
1260 422 3.2 0.174533
272 430 3.2 1.0472
66 570 3.2 -1.74533
922 578 3.2 0.523599
790 684 3.2 2.96706
1040 784 3.2 -1.0472
144 786 3.2 -2.79253
802 786 3.2 0.349066
1014 814 3.2 2.26893
144 818 3.2 2.79253
1034 826 3.2 1.91986
180 834 3.2 1.22173
930 924 3.2 -0.523599
376 44 2.53984 -0.174533
156 48 2.53984 -2.26893
252 48 2.53984 1.39626
1016 52 2.53984 -0.698132
932 72 2.53984 -1.0472
724 76 2.53984 0.174533
1144 76 2.53984 -0.174533
492 160 2.53984 1.5708
384 176 2.53984 1.74533
600 188 2.53984 -2.61799
800 192 2.53984 -1.74533
156 288 2.53984 -0.349066
60 304 2.53984 1.74533
692 320 2.53984 1.39626
56 412 2.53984 0.174533
360 412 2.53984 -1.74533
1016 416 2.53984 2.79253
1240 416 2.53984 0
932 420 2.53984 -0.698132
160 432 2.53984 1.5708
468 432 2.53984 -2.26893
1132 540 2.53984 -0.698132
596 544 2.53984 1.91986
1248 548 2.53984 -3.14159
908 568 2.53984 0.523599
476 664 2.53984 0.174533
1252 668 2.53984 -1.22173
1132 676 2.53984 -3.14159
808 680 2.53984 -0.174533
716 688 2.53984 0
580 780 2.53984 1.5708
708 800 2.53984 1.5708
256 812 2.53984 0.872665
268 912 2.53984 2.0944
1032 920 2.53984 -1.39626
56 68 3.2 -1.5708
32 172 3.2 -0.698132
932 180 3.2 0.349066
248 192 3.2 0.523599
276 292 3.2 -0.698132
920 320 3.2 0.872665
808 324 3.2 1.39626
712 420 3.2 -1.74533
812 444 3.2 1.39626
1128 448 3.2 2.0944
476 536 3.2 -1.22173
1048 540 3.2 -0.698132
148 556 3.2 1.74533
700 564 3.2 1.39626
164 660 3.2 2.96706
940 684 3.2 1.74533
1020 692 3.2 2.26893
32 776 3.2 -0.174533
1028 800 3.2 2.0944
492 896 3.2 2.79253
600 916 3.2 1.74533
1136 916 3.2 1.91986
56 928 3.2 -0.872665
1256 64 2.53984 1.74533
1048 312 2.53984 0.872665
256 656 2.53984 -2.26893
368 672 2.53984 1.5708
168 800 2.53984 -2.96706
360 800 2.53984 2.0944
152 912 2.53984 -0.349066
704 912 2.53984 -2.26893
MATCHES 154
0 0 0
1 2 0
3 3 0
4 5 0
7 8 0
9 10 0
18 49 0.135282
19 12 0
20 13 0
21 16 0
22 19 0
23 169 0.217907
25 30 0.068647
27 51 0.0818003
28 25 0
34 26 0
35 27 0
39 53 0.03959
40 36 0.0258147
41 45 0.0862086
42 35 0
43 36 0
44 37 0
48 44 0
50 49 0
51 50 0
52 30 0.0080094
54 56 0
56 58 0
59 60 0
60 61 0
61 17 0.136027
62 62 0
65 63 0
66 49 0.14397
68 65 0
69 66 0
71 69 0.158793
73 70 0
74 72 0
77 74 0
78 75 0
79 76 0
80 79 0
81 81 0
82 83 0
83 90 0
84 91 0
85 127 0.110679
86 92 0
87 96 0
90 98 2.71869e-06
91 100 0
92 160 0.125436
93 204 0.00245549
95 102 0
96 103 0
97 209 0.0628138
100 106 0
101 107 0
104 108 0
105 109 0
106 111 0
107 153 0.134991
110 113 0
111 114 0
112 115 0
113 116 0
114 117 0
115 209 0.0632349
116 119 0
117 196 0.0407935
118 120 0
120 122 0
121 123 0
122 211 0.0383778
123 88 0.0316708
124 211 0.0359745
129 149 0.0992214
131 134 0
132 99 0.0354349
135 139 0
136 141 0
137 142 0
138 118 0.0733284
140 147 0
142 148 0
147 153 0
148 154 0
149 158 0.0890898
150 114 0.0754258
151 243 0.198106
152 219 0.212599
153 156 0
154 156 0.105204
156 159 0
157 149 0.127303
161 161 0
162 165 0
163 90 0.111792
164 173 0.14082
166 245 0.167505
168 167 0
169 168 0
170 169 0
172 170 0
175 171 0
176 173 0
177 77 0.059427
178 176 0
180 178 0
181 136 0.0246292
182 179 0
184 180 0
187 183 0
188 185 0
189 188 0
190 190 0
192 203 0.142942
193 202 0
194 203 0
196 204 0
198 31 0.0716159
199 212 0.0510941
201 88 0.0235582
203 127 0.133511
204 155 0.121371
205 207 0
206 208 0
207 216 0.0924052
208 210 0
209 138 0.102463
212 212 0
213 213 0
214 215 0
217 100 0.0595046
218 217 0
220 219 0
221 15 0.210928
222 223 0
223 219 0.084034
225 139 0.0481191
234 240 0.0830952
236 232 0.188909
239 243 0.115657
242 236 0.257142
246 245 0.176499
252 249 0.102464
264 261 0.139565
273 280 0.0961304
278 285 0.146551
279 288 0.143969
309 309 0.157166
310 310 0.180863
