KEYPOINTS_A 570
558 34 2.53984 -0.698132
34 35 2.53984 -2.61799
33 37 2.53984 -2.61799
1064 39 2.53984 -1.0472
887 40 2.53984 -0.523599
236 47 2.53984 2.79253
1368 48 2.53984 1.22173
365 51 2.53984 -3.14159
1070 55 2.53984 0.349066
1467 55 2.53984 1.39626
127 57 2.53984 2.79253
669 68 2.53984 1.0472
666 70 2.53984 1.0472
975 118 2.53984 -0.698132
652 160 2.53984 -1.22173
539 174 2.53984 2.79253
431 222 2.53984 -2.0944
429 223 2.53984 -2.0944
850 240 2.53984 -2.26893
1569 243 2.53984 -0.349066
37 248 2.53984 -2.26893
247 256 2.53984 0.174533
1577 264 2.53984 -0.349066
467 265 2.53984 -0.349066
1570 267 2.53984 2.0944
342 277 2.53984 2.26893
760 278 2.53984 1.0472
1163 336 2.53984 2.96706
987 343 2.53984 0.174533
672 345 2.53984 0.523599
1187 353 2.53984 -0.872665
1467 354 2.53984 0.523599
45 361 2.53984 2.44346
1454 363 2.53984 2.79253
659 366 2.53984 2.96706
672 429 2.53984 -1.22173
1074 440 2.53984 0.174533
650 451 2.53984 -2.79253
1268 453 2.53984 -1.5708
1361 455 2.53984 -2.61799
1353 458 2.53984 -2.61799
879 467 2.53984 0.523599
1352 472 2.53984 1.74533
162 535 2.53984 -2.44346
628 540 2.53984 -2.61799
627 542 2.53984 -2.61799
982 542 2.53984 0.872665
626 544 2.53984 -2.61799
625 546 2.53984 -2.61799
624 548 2.53984 -2.61799
623 550 2.53984 -2.61799
622 552 2.53984 -2.61799
621 554 2.53984 -2.61799
89 558 2.53984 0.349066
1075 560 2.53984 -1.0472
1088 566 2.53984 -1.0472
1077 567 2.53984 -1.0472
251 571 2.53984 0.349066
583 572 2.53984 0.872665
1092 574 2.53984 -1.0472
235 584 2.53984 2.44346
1073 588 2.53984 2.0944
1078 623 2.53984 -0.174533
874 637 2.53984 -1.0472
971 642 2.53984 -2.96706
876 644 2.53984 -1.0472
889 644 2.53984 -1.0472
1276 646 2.53984 -1.91986
1565 646 2.53984 -2.26893
892 652 2.53984 -0.349066
1056 656 2.53984 -2.96706
677 657 2.53984 -1.0472
1550 664 2.53984 -2.26893
1288 666 2.53984 0.349066
67 667 2.53984 -1.22173
967 668 2.53984 2.0944
741 672 2.53984 2.61799
871 672 2.53984 2.0944
989 672 2.53984 0.523599
1366 675 2.53984 1.39626
880 676 2.53984 1.91986
651 677 2.53984 1.91986
972 677 2.53984 1.91986
882 683 2.53984 1.91986
539 757 2.53984 -2.96706
847 759 2.53984 2.44346
172 762 2.53984 1.0472
169 764 2.53984 1.0472
263 767 2.53984 -2.79253
871 778 2.53984 0.523599
1397 787 2.53984 0.872665
1384 804 2.53984 0.872665
472 828 2.53984 -2.44346
1061 854 2.53984 -1.5708
558 863 2.53984 -2.61799
1554 866 2.53984 -2.0944
1569 873 2.53984 1.91986
270 874 2.53984 0.349066
1578 877 2.53984 1.91986
1051 879 2.53984 2.79253
344 883 2.53984 2.0944
1163 893 2.53984 0.698132
651 939 2.53984 -2.44346
82 950 2.53984 -1.0472
41 953 2.53984 -2.0944
1094 953 2.53984 0.872665
571 965 2.53984 -1.0472
743 966 2.53984 -2.79253
1157 970 2.53984 1.0472
242 973 2.53984 2.0944
745 989 2.53984 1.91986
760 1041 2.53984 -2.0944
1292 1055 2.53984 -1.91986
155 1056 2.53984 -1.0472
951 1056 2.53984 -0.523599
549 1064 2.53984 2.79253
125 1066 2.53984 -2.0944
1265 1066 2.53984 2.0944
1576 1076 2.53984 1.91986
1284 1081 2.53984 1.91986
1478 1083 2.53984 1.39626
1160 1086 2.53984 0.523599
44 1091 2.53984 0.698132
441 1093 2.53984 1.0472
145 1094 2.53984 2.0944
72 1139 2.53984 -1.74533
339 1170 2.53984 2.79253
275 1176 2.53984 0.872665
154 1178 2.53984 1.22173
871 17 3.2 -2.26893
1039 27 3.2 -2.79253
470 28 3.2 -1.74533
43 33 3.2 -2.61799
121 33 3.2 2.96706
1387 39 3.2 -1.22173
649 40 3.2 -0.872665
978 43 3.2 0.523599
630 45 3.2 -2.26893
1073 45 3.2 -1.0472
152 46 3.2 -0.174533
844 49 3.2 -2.61799
550 50 3.2 2.79253
635 50 3.2 -2.26893
1487 50 3.2 1.39626
759 54 3.2 -0.174533
576 56 3.2 -0.698132
671 58 3.2 -0.872665
623 60 3.2 -2.26893
267 62 3.2 0.349066
137 65 3.2 2.26893
1044 65 3.2 2.61799
265 67 3.2 0.349066
753 67 3.2 1.22173
464 68 3.2 1.22173
657 68 3.2 1.0472
444 74 3.2 2.79253
582 86 3.2 -0.174533
1173 119 3.2 -2.44346
1470 121 3.2 -1.22173
165 130 3.2 -0.349066
1046 132 3.2 -1.22173
350 133 3.2 -2.26893
1454 133 3.2 -2.26893
1507 133 3.2 -1.22173
967 143 3.2 -3.14159
1071 143 3.2 -0.523599
439 147 3.2 -2.96706
1149 147 3.2 -2.44346
1203 148 3.2 0.523599
173 149 3.2 -0.349066
565 150 3.2 0.174533
535 154 3.2 2.96706
1077 155 3.2 1.22173
663 167 3.2 -1.0472
436 171 3.2 2.0944
1573 173 3.2 1.74533
655 181 3.2 1.74533
872 234 3.2 -0.523599
420 236 3.2 2.96706
455 236 3.2 -0.872665
1055 236 3.2 -1.39626
235 237 3.2 -3.14159
659 237 3.2 -1.22173
61 242 3.2 -1.5708
1474 242 3.2 -1.5708
1082 243 3.2 0.349066
1558 244 3.2 -2.44346
1039 245 3.2 -2.0944
121 248 3.2 -1.39626
950 250 3.2 -0.872665
659 251 3.2 -3.14159
154 252 3.2 -0.523599
577 253 3.2 0
1250 254 3.2 2.0944
1559 254 3.2 2.0944
1076 257 3.2 1.39626
1484 259 3.2 1.0472
330 260 3.2 2.26893
1575 262 3.2 -0.349066
1274 265 3.2 -0.174533
334 272 3.2 2.26893
435 275 3.2 1.5708
451 275 3.2 1.5708
945 278 3.2 0.872665
146 285 3.2 1.5708
1576 333 3.2 -2.79253
653 335 3.2 2.96706
1164 338 3.2 2.96706
1042 340 3.2 -1.5708
1292 340 3.2 -0.174533
846 345 3.2 -2.79253
34 346 3.2 -1.74533
1464 347 3.2 0.523599
463 349 3.2 -1.5708
742 350 3.2 2.79253
1184 352 3.2 -0.872665
1466 357 3.2 0.523599
1465 359 3.2 0.523599
1455 361 3.2 0.698132
225 363 3.2 -2.61799
749 368 3.2 1.91986
237 371 3.2 1.22173
1565 371 3.2 2.44346
883 372 3.2 0.523599
766 374 3.2 1.91986
1036 376 3.2 2.96706
1084 380 3.2 -0.523599
1579 384 3.2 2.26893
1158 427 3.2 -0.698132
1147 432 3.2 -2.0944
665 434 3.2 -1.22173
654 440 3.2 -2.79253
1135 446 3.2 -2.44346
651 447 3.2 -2.79253
58 448 3.2 -0.698132
686 453 3.2 0.349066
845 456 3.2 -2.26893
1561 456 3.2 2.44346
163 467 3.2 0.872665
858 468 3.2 2.26893
1168 469 3.2 1.91986
77 470 3.2 0.872665
1049 470 3.2 -2.44346
20 473 3.2 1.91986
1259 476 3.2 2.0944
1272 477 3.2 1.0472
1376 477 3.2 -0.523599
1582 480 3.2 0.698132
367 482 3.2 0.872665
337 483 3.2 -2.61799
469 529 3.2 -2.44346
554 531 3.2 2.96706
161 537 3.2 -2.44346
60 540 3.2 -1.91986
79 540 3.2 -0.523599
636 540 3.2 -0.698132
859 541 3.2 -2.79253
1355 550 3.2 -0.698132
479 551 3.2 -0.349066
765 552 3.2 0
892 555 3.2 -1.22173
853 556 3.2 -2.79253
625 561 3.2 -2.61799
460 566 3.2 2.61799
951 567 3.2 0.872665
43 568 3.2 2.0944
664 578 3.2 1.91986
873 582 3.2 2.44346
567 584 3.2 0.872665
1069 586 3.2 2.0944
1082 586 3.2 2.0944
449 641 3.2 -1.22173
1575 647 3.2 -1.22173
1367 649 3.2 -1.91986
1560 649 3.2 -2.26893
1555 652 3.2 -2.26893
637 653 3.2 2.61799
1467 658 3.2 -2.79253
750 659 3.2 -2.0944
763 660 3.2 -2.0944
364 661 3.2 -0.698132
1072 662 3.2 1.91986
46 665 3.2 -1.22173
647 668 3.2 2.44346
980 673 3.2 1.91986
1347 673 3.2 -2.96706
472 674 3.2 0.872665
669 678 3.2 1.91986
775 680 3.2 0.872665
1559 680 3.2 2.61799
1471 681 3.2 2.44346
1570 681 3.2 0.872665
762 689 3.2 1.74533
448 691 3.2 -3.14159
1468 733 3.2 -0.523599
1453 746 3.2 -2.96706
61 749 3.2 -0.872665
642 751 3.2 2.44346
1479 752 3.2 -0.523599
1046 755 3.2 1.39626
1356 773 3.2 2.61799
564 776 3.2 -0.872665
49 777 3.2 0.698132
536 780 3.2 1.5708
1468 781 3.2 0.349066
263 794 3.2 0.523599
1376 802 3.2 2.44346
1453 845 3.2 -1.39626
651 849 3.2 -1.22173
1581 851 3.2 -2.0944
1574 855 3.2 -2.0944
1558 856 3.2 -2.0944
773 861 3.2 -0.349066
50 862 3.2 -2.96706
575 862 3.2 -0.523599
1476 862 3.2 -0.523599
1556 866 3.2 2.0944
450 867 3.2 -2.96706
1146 868 3.2 -1.22173
1442 868 3.2 -2.96706
553 874 3.2 1.91986
977 874 3.2 0
1589 878 3.2 1.0472
588 884 3.2 1.74533
65 942 3.2 -1.91986
1583 948 3.2 -1.0472
549 952 3.2 -1.0472
1092 953 3.2 0.872665
639 954 3.2 -2.44346
1480 954 3.2 0
80 963 3.2 0.698132
344 964 3.2 -2.61799
1062 972 3.2 -2.96706
1360 972 3.2 -2.44346
244 973 3.2 -2.0944
1280 974 3.2 0.698132
354 975 3.2 -0.698132
544 984 3.2 -2.96706
1374 988 3.2 1.5708
1346 989 3.2 1.5708
567 999 3.2 2.0944
750 1040 3.2 -2.0944
737 1047 3.2 -1.5708
1360 1054 3.2 -0.698132
145 1058 3.2 -1.91986
22 1059 3.2 -1.39626
1141 1064 3.2 -2.0944
675 1066 3.2 -1.0472
1267 1066 3.2 2.0944
1342 1068 3.2 -2.26893
1469 1070 3.2 -2.79253
125 1076 3.2 2.44346
667 1077 3.2 0.698132
754 1079 3.2 1.5708
771 1079 3.2 1.5708
1295 1079 3.2 1.91986
1492 1081 3.2 1.39626
654 1085 3.2 1.91986
1385 1085 3.2 0.523599
965 1086 3.2 0.872665
1152 1086 3.2 2.61799
869 1089 3.2 1.0472
444 1090 3.2 1.0472
953 1095 3.2 1.91986
153 1129 3.2 -0.698132
254 1152 3.2 -2.44346
41 1157 3.2 -2.26893
279 1157 3.2 0.174533
65 1165 3.2 0.523599
179 1166 3.2 -0.523599
46 1172 3.2 1.22173
262 1184 3.2 1.91986
366 44 2.53984 -3.14159
70 46 2.53984 -0.174533
36 60 2.53984 2.26893
768 150 2.53984 -1.5708
1378 462 2.53984 -0.523599
658 474 2.53984 2.0944
1362 484 2.53984 1.74533
620 546 2.53984 -2.61799
1274 642 2.53984 -1.91986
748 656 2.53984 -2.0944
62 660 2.53984 -1.22173
66 662 2.53984 -1.22173
778 664 2.53984 -0.523599
1282 678 2.53984 1.22173
1050 754 2.53984 1.39626
1562 880 2.53984 1.91986
1170 944 2.53984 -0.872665
1344 974 2.53984 -2.44346
1362 998 2.53984 1.5708
748 1036 2.53984 -1.74533
728 1060 2.53984 2.96706
354 1066 2.53984 1.22173
1166 1084 2.53984 0.698132
340 1160 2.53984 0.349066
628 40 3.2 -2.26893
668 40 3.2 -0.872665
1376 40 3.2 1.22173
1478 48 3.2 1.39626
232 66 3.2 2.79253
270 68 3.2 0.349066
994 126 3.2 -0.523599
242 136 3.2 -2.44346
138 238 3.2 -1.39626
1568 254 3.2 -0.349066
128 288 3.2 2.0944
864 336 3.2 -1.39626
1172 348 3.2 -0.872665
42 350 3.2 -1.74533
1306 350 3.2 -0.174533
1456 352 3.2 0.698132
144 364 3.2 2.79253
152 380 3.2 -0.349066
858 392 3.2 1.39626
648 442 3.2 -2.79253
688 460 3.2 0.349066
218 558 3.2 -2.79253
1376 558 3.2 -0.698132
972 566 3.2 0.872665
1164 578 3.2 -1.0472
638 580 3.2 1.91986
1354 588 3.2 2.0944
56 690 3.2 1.5708
1388 744 3.2 -0.872665
1078 746 3.2 1.39626
166 754 3.2 -2.44346
652 756 3.2 -1.39626
1346 758 3.2 -2.96706
1402 768 3.2 -0.349066
1354 792 3.2 2.61799
1394 804 3.2 0.872665
70 882 3.2 0
346 972 3.2 1.39626
160 1052 3.2 -1.0472
848 1058 3.2 -2.44346
1568 1070 3.2 1.91986
460 1076 3.2 1.0472
740 1084 3.2 2.0944
874 1092 3.2 1.0472
136 1094 3.2 2.26893
870 1094 3.2 1.0472
440 252 2.01587 2.61799
48 44 2.53984 2.26893
160 144 2.53984 2.96706
1568 160 2.53984 0.698132
648 168 2.53984 -1.39626
568 232 2.53984 2.26893
244 240 2.53984 0.174533
672 248 2.53984 1.5708
1484 248 2.53984 -3.14159
48 252 2.53984 -1.74533
1264 252 2.53984 -1.5708
1164 260 2.53984 1.5708
952 264 2.53984 0
348 268 2.53984 1.74533
764 268 2.53984 1.5708
660 348 2.53984 2.96706
1172 348 2.53984 -0.698132
448 356 2.53984 -1.5708
452 460 2.53984 -0.872665
1064 460 2.53984 0.523599
1264 464 2.53984 1.22173
1364 468 2.53984 -0.698132
1580 468 2.53984 -1.39626
156 552 2.53984 -2.96706
960 552 2.53984 1.0472
760 564 2.53984 1.39626
1576 568 2.53984 -2.96706
1076 572 2.53984 -1.0472
1160 652 2.53984 -0.174533
1280 660 2.53984 0.872665
1476 660 2.53984 0.349066
52 672 2.53984 1.5708
1072 748 2.53984 1.39626
860 768 2.53984 2.0944
548 772 2.53984 -0.174533
960 772 2.53984 1.39626
264 780 2.53984 2.96706
1356 856 2.53984 -3.14159
664 860 2.53984 -1.39626
964 860 2.53984 -3.14159
344 864 2.53984 -3.14159
568 872 2.53984 1.74533
256 880 2.53984 0.872665
1160 880 2.53984 -1.22173
1076 956 2.53984 1.22173
1160 956 2.53984 -1.39626
1576 956 2.53984 1.5708
1472 968 2.53984 -2.96706
256 972 2.53984 0.174533
752 976 2.53984 2.61799
972 976 2.53984 2.96706
156 980 2.53984 1.74533
1360 984 2.53984 1.5708
560 1068 2.53984 0
1152 1068 2.53984 -1.5708
1284 1068 2.53984 2.26893
1480 1072 2.53984 1.74533
456 1080 2.53984 1.22173
1068 1080 2.53984 -0.174533
960 36 3.2 0.698132
1276 40 3.2 2.44346
136 44 3.2 -3.14159
1052 48 3.2 -1.0472
252 56 3.2 -3.14159
648 56 3.2 1.5708
748 56 3.2 0.349066
1592 56 3.2 1.91986
564 60 3.2 2.61799
368 140 3.2 2.0944
976 140 3.2 -3.14159
1056 148 3.2 -1.5708
552 160 3.2 0.174533
452 164 3.2 2.44346
868 248 3.2 -1.39626
1060 248 3.2 -1.5708
972 352 3.2 -2.96706
1276 352 3.2 1.91986
244 356 3.2 0
756 356 3.2 -3.14159
1156 448 3.2 0
160 452 3.2 -1.5708
668 452 3.2 0.174533
868 452 3.2 -2.44346
768 460 3.2 -2.96706
356 476 3.2 0
468 548 3.2 0.174533
640 560 3.2 -0.698132
240 564 3.2 0.523599
1360 568 3.2 -0.872665
1068 644 3.2 2.96706
980 656 3.2 0.698132
660 660 3.2 -1.0472
876 660 3.2 2.0944
460 664 3.2 -2.96706
1368 664 3.2 1.5708
1568 664 3.2 0.872665
360 676 3.2 -0.698132
760 676 3.2 0
44 756 3.2 1.5708
1464 760 3.2 0.174533
468 852 3.2 -2.44346
1460 860 3.2 0
1060 868 3.2 -1.5708
772 880 3.2 -0.349066
52 888 3.2 -2.96706
60 956 3.2 -3.14159
464 956 3.2 2.96706
652 964 3.2 2.96706
1264 968 3.2 2.44346
556 976 3.2 2.96706
756 1064 3.2 -0.349066
656 1068 3.2 1.39626
40 1072 3.2 -1.22173
148 1072 3.2 -1.22173
864 1072 3.2 0.698132
256 1076 3.2 -1.5708
1364 1076 3.2 2.26893
948 1080 3.2 2.79253
56 1156 3.2 -2.26893
160 1156 3.2 -0.698132
260 1168 3.2 0.174533
1176 144 2.53984 -2.44346
1480 144 2.53984 1.5708
440 256 2.53984 0.698132
144 264 2.53984 -1.39626
1056 368 2.53984 0
48 464 2.53984 0
1376 776 2.53984 2.96706
KEYPOINTS_B 170
116 60 2.53984 -2.44346
112 65 2.53984 -2.44346
378 69 2.53984 -1.39626
281 117 2.53984 0
66 174 2.53984 -0.349066
627 178 2.53984 2.0944
429 181 2.53984 0.523599
70 185 2.53984 -0.349066
337 223 2.53984 0.349066
480 267 2.53984 0.872665
478 276 2.53984 0.872665
424 314 2.53984 -3.14159
787 329 2.53984 0.872665
27 332 2.53984 -1.0472
782 333 2.53984 0.872665
219 337 2.53984 -3.14159
534 367 2.53984 1.39626
777 418 2.53984 -2.0944
778 529 2.53984 1.91986
163 574 2.53984 0.349066
682 14 3.2 1.22173
733 18 3.2 1.39626
119 29 3.2 2.79253
571 67 3.2 -2.44346
777 120 3.2 -0.349066
783 163 3.2 -2.79253
15 168 3.2 0.174533
580 168 3.2 -0.872665
722 169 3.2 -1.39626
416 183 3.2 1.39626
525 224 3.2 -2.44346
169 276 3.2 1.39626
320 278 3.2 1.91986
575 282 3.2 -1.0472
273 318 3.2 1.91986
786 331 3.2 0.872665
77 371 3.2 1.0472
320 372 3.2 -1.5708
781 415 3.2 -2.0944
779 416 3.2 -2.0944
20 429 3.2 -2.96706
66 433 3.2 -2.26893
384 442 3.2 2.44346
166 480 3.2 -2.61799
224 532 3.2 1.0472
18 16 2.53984 -1.5708
786 20 2.53984 -1.22173
368 22 2.53984 0.174533
74 66 2.53984 2.96706
778 74 2.53984 2.44346
318 78 2.53984 -1.39626
278 110 2.53984 2.44346
116 114 2.53984 0
328 118 2.53984 -1.22173
736 118 2.53984 -1.5708
18 120 2.53984 -1.74533
626 120 2.53984 1.5708
576 124 2.53984 1.5708
168 126 2.53984 -0.872665
470 126 2.53984 0.698132
324 168 2.53984 2.96706
218 172 2.53984 0.872665
68 180 2.53984 -0.349066
218 222 2.53984 -0.698132
524 224 2.53984 -2.61799
624 226 2.53984 1.39626
676 228 2.53984 1.5708
784 228 2.53984 2.26893
72 270 2.53984 0.174533
474 270 2.53984 0.872665
782 278 2.53984 -2.96706
530 280 2.53984 2.26893
574 320 2.53984 -0.174533
634 324 2.53984 0.872665
732 324 2.53984 0.523599
20 330 2.53984 1.39626
530 368 2.53984 1.39626
424 378 2.53984 2.44346
266 380 2.53984 1.74533
474 380 2.53984 1.39626
670 422 2.53984 -3.14159
326 424 2.53984 -0.174533
476 424 2.53984 -1.5708
166 426 2.53984 0.523599
524 428 2.53984 1.5708
278 430 2.53984 1.74533
122 434 2.53984 0.872665
574 434 2.53984 -1.0472
20 438 2.53984 0.174533
532 472 2.53984 1.22173
574 472 2.53984 -0.872665
784 472 2.53984 1.5708
730 478 2.53984 0
370 482 2.53984 0
72 484 2.53984 1.74533
674 486 2.53984 1.5708
274 528 2.53984 -3.14159
570 528 2.53984 0.174533
636 528 2.53984 2.0944
734 530 2.53984 1.74533
122 532 2.53984 -1.5708
526 534 2.53984 -3.14159
474 12 3.2 0.174533
428 14 3.2 -0.349066
632 14 3.2 -1.0472
62 16 3.2 2.96706
520 18 3.2 -0.872665
120 22 3.2 2.61799
318 22 3.2 1.5708
276 24 3.2 2.61799
178 64 3.2 1.91986
482 64 3.2 -0.174533
522 68 3.2 -1.39626
268 74 3.2 2.61799
220 76 3.2 -0.174533
426 116 3.2 -0.872665
524 118 3.2 -1.5708
480 170 3.2 -2.96706
632 170 3.2 1.91986
114 172 3.2 -1.74533
372 172 3.2 2.61799
784 174 3.2 -3.14159
572 218 3.2 -0.174533
74 220 3.2 -1.39626
122 220 3.2 0.523599
328 220 3.2 -2.79253
428 220 3.2 -2.26893
378 224 3.2 -2.96706
172 232 3.2 0.174533
226 268 3.2 -2.96706
314 272 3.2 -0.698132
114 276 3.2 0.174533
674 278 3.2 -0.523599
528 314 3.2 0
484 322 3.2 0.523599
324 324 3.2 -1.0472
432 324 3.2 2.0944
778 324 3.2 -2.0944
224 326 3.2 -3.14159
678 326 3.2 1.39626
174 332 3.2 -0.698132
374 332 3.2 1.74533
16 372 3.2 2.44346
726 372 3.2 -2.79253
228 420 3.2 -2.44346
724 424 3.2 1.74533
786 424 3.2 -2.0944
380 434 3.2 -0.349066
24 472 3.2 1.0472
226 472 3.2 0
320 476 3.2 2.96706
626 478 3.2 2.96706
272 482 3.2 -0.174533
370 524 3.2 2.26893
322 528 3.2 1.39626
14 530 3.2 -1.22173
68 530 3.2 -1.39626
426 530 3.2 0.698132
468 532 3.2 -0.349066
676 532 3.2 2.26893
22 572 3.2 -2.26893
74 572 3.2 -0.698132
124 578 3.2 1.39626
584 64 2.53984 -2.44346
732 64 2.53984 1.74533
216 120 2.53984 0.698132
64 128 2.53984 -1.5708
524 176 2.53984 -0.174533
16 224 2.53984 -1.74533
680 380 2.53984 -3.14159
MATCHES 271
2 5 0.174614
4 6 0.496231
5 6 0.587164
9 3 0.159917
11 5 0.075362
13 15 0.543507
15 23 0.592076
18 23 0.460992
20 23 0.548579
23 6 0.546832
24 5 0.420618
25 5 0.0475663
26 29 0.502134
27 3 0.355101
28 23 0.527509
29 23 0.469577
32 15 0.280538
34 22 0.352446
36 32 0.424761
41 6 0.49754
44 8 0.379163
45 5 0.374472
46 9 0.322746
47 5 0.104919
48 5 0.0401264
49 5 0.044961
50 5 0.0457586
51 5 0.128566
52 5 0.3886
53 23 0.640627
54 5 0.0446547
55 5 0.367431
58 23 0.592423
60 23 0.498161
61 38 0.267576
62 23 0.430489
63 5 0.0421071
66 8 0.411187
67 5 0.0440285
68 14 0.361022
70 23 0.583529
72 23 0.461091
73 6 0.522112
74 14 0.34848
75 6 0.589033
78 38 0.296422
86 5 0.29047
89 8 0.34164
90 23 0.45899
91 14 0.276322
94 6 0.509312
95 15 0.272022
97 23 0.472466
98 23 0.600014
99 23 0.552328
100 15 0.41744
104 15 0.481485
105 15 0.351049
106 6 0.671355
107 6 0.613306
108 29 0.171833
110 6 0.539973
113 5 0.348761
116 15 0.5582
121 14 0.27348
124 38 0.243974
129 29 0.208962
132 6 0.517915
133 6 0.568446
134 3 0.432233
135 23 0.576249
136 38 0.274306
138 6 0.504347
139 6 0.543537
140 15 0.464413
141 6 0.507158
147 15 0.354135
148 38 0.28752
149 23 0.393116
150 23 0.581377
151 14 0.402765
153 23 0.675512
155 23 0.404758
157 6 0.569037
158 23 0.651287
159 23 0.575105
160 23 0.283415
161 23 0.564705
162 23 0.630254
163 6 0.224545
166 6 0.476635
167 23 0.42238
168 23 0.539091
169 6 0.297133
170 23 0.454856
171 6 0.478895
173 6 0.571949
174 6 0.549092
175 23 0.582145
176 23 0.457783
177 23 0.44901
178 6 0.638206
182 15 0.288218
183 29 0.264454
186 38 0.205801
189 15 0.411315
190 23 0.433724
191 23 0.464555
195 23 0.392166
196 6 0.539408
198 40 0.552482
200 5 0.109104
201 6 0.258105
208 23 0.381318
209 23 0.400782
210 6 0.542244
212 15 0.24583
214 6 0.658557
216 38 0.153749
219 23 0.361897
220 6 0.311644
221 6 0.194007
222 6 0.396577
225 23 0.470094
227 23 0.438993
228 23 0.409732
230 23 0.44607
232 23 0.349448
233 38 0.224629
235 5 0.526074
237 40 0.435676
238 6 0.592786
240 15 0.29387
241 23 0.534881
242 9 0.256005
243 6 0.368362
244 23 0.42093
249 23 0.47009
254 23 0.437897
255 15 0.336145
256 29 0.487387
258 6 0.462314
259 15 0.435796
260 6 0.347739
261 23 0.552807
263 23 0.336995
265 6 0.476323
266 32 0.169992
270 23 0.417747
271 15 0.447508
272 23 0.656545
273 6 0.399678
276 6 0.34043
279 6 0.506167
281 23 0.383816
282 23 0.440916
284 23 0.465187
286 23 0.507916
287 23 0.422573
288 23 0.462695
291 14 0.368759
293 15 0.377058
296 6 0.291713
298 6 0.41551
302 6 0.58493
303 29 0.50478
306 23 0.40298
307 23 0.392685
308 15 0.430544
312 15 0.262096
314 23 0.375216
315 6 0.37401
317 23 0.359035
318 15 0.295166
319 23 0.448551
323 15 0.267267
324 6 0.557386
326 15 0.304728
328 23 0.503265
329 15 0.437515
330 5 0.13379
331 29 0.165179
335 23 0.497866
337 23 0.579538
340 15 0.325438
343 23 0.379657
344 6 0.292935
345 15 0.501012
346 23 0.38065
347 29 0.511972
350 23 0.552079
351 14 0.36052
355 15 0.382641
356 23 0.553971
357 23 0.516665
358 23 0.475418
359 23 0.343707
360 15 0.242814
363 23 0.446754
364 15 0.275912
365 6 0.582901
366 23 0.430108
367 23 0.421455
370 29 0.125544
371 23 0.673606
376 8 0.421265
379 8 0.286745
380 8 0.234598
384 8 0.377684
386 7 0.296344
389 8 0.419244
390 8 0.469345
394 8 0.421426
398 20 0.118423
399 21 0.122429
400 8 0.328382
402 8 0.279447
404 5 0.374789
407 8 0.290054
408 27 0.133115
411 28 0.175965
417 8 0.281282
418 39 0.266698
421 39 0.164723
422 8 0.303172
423 8 0.285634
429 8 0.330224
430 8 0.351687
432 8 0.422835
434 8 0.352462
437 44 0.160917
439 8 0.351699
440 8 0.327167
444 48 0.0658261
445 163 0.178324
446 50 0.0867627
451 55 0.0988006
457 60 0.0812462
470 72 0.0800678
471 73 0.083936
472 74 0.158406
474 76 0.0697143
477 79 0.0988721
483 85 0.0928833
484 86 0.0955048
486 89 0.0642633
493 94 0.117776
497 98 0.114936
498 99 0.0806685
503 105 0.127445
509 109 0.0535944
512 112 0.126131
516 116 0.0432166
517 117 0.0793384
518 118 0.049692
523 123 0.117413
525 127 0.0841867
526 128 0.138542
530 157 0.0627595
533 135 0.105103
534 136 0.0632667
538 140 0.0723102
539 101 0.148601
542 144 0.0812832
545 147 0.0702199
550 160 0.133245
553 154 0.0929582
556 157 0.0667614
558 159 0.0846669
561 161 0.114706
565 165 0.285436
