KEYPOINTS_A 866
134 31 2.53984 -2.0944
243 32 2.53984 -2.0944
241 33 2.53984 -2.0944
239 34 2.53984 -2.0944
1353 34 2.53984 -0.872665
1706 37 2.53984 2.96706
35 47 2.53984 -2.61799
1140 49 2.53984 1.22173
1045 52 2.53984 -0.349066
1710 52 2.53984 2.79253
838 53 2.53984 1.0472
1542 57 2.53984 0.872665
949 65 2.53984 2.0944
1341 70 2.53984 0.349066
961 72 2.53984 2.0944
1023 118 2.53984 -2.61799
262 127 2.53984 -1.0472
125 138 2.53984 -2.61799
124 140 2.53984 -2.61799
123 142 2.53984 -2.61799
122 144 2.53984 -2.61799
2006 148 2.53984 -2.0944
449 149 2.53984 1.22173
545 149 2.53984 0.523599
849 150 2.53984 -1.74533
1415 157 2.53984 2.79253
1515 165 2.53984 1.91986
745 170 2.53984 2.44346
1737 230 2.53984 -0.523599
654 237 2.53984 -0.349066
39 252 2.53984 2.0944
1050 255 2.53984 -0.349066
1040 265 2.53984 2.61799
1420 309 2.53984 -0.349066
947 317 2.53984 -2.79253
1741 324 2.53984 -1.0472
1744 326 2.53984 -1.0472
564 333 2.53984 -0.872665
1717 337 2.53984 -2.44346
1542 338 2.53984 -0.523599
1632 340 2.53984 -2.0944
565 341 2.53984 1.0472
1128 342 2.53984 -2.0944
1136 344 2.53984 -2.0944
545 352 2.53984 1.0472
1841 352 2.53984 0.174533
1620 353 2.53984 -2.0944
440 364 2.53984 2.44346
813 409 2.53984 -1.74533
631 419 2.53984 -2.79253
541 420 2.53984 -2.26893
1348 431 2.53984 -1.0472
333 433 2.53984 -1.91986
1424 433 2.53984 -2.61799
1907 437 2.53984 1.0472
454 441 2.53984 -1.0472
1236 444 2.53984 -2.61799
1644 450 2.53984 0.349066
64 456 2.53984 -0.349066
1635 464 2.53984 0.174533
1128 508 2.53984 -2.79253
327 513 2.53984 -2.61799
320 515 2.53984 -2.61799
1015 517 2.53984 -1.0472
1849 522 2.53984 -1.74533
314 528 2.53984 -2.79253
510 537 2.53984 -1.91986
637 537 2.53984 -0.349066
1920 537 2.53984 0.523599
907 539 2.53984 -2.79253
1140 541 2.53984 1.0472
1138 542 2.53984 1.0472
1136 543 2.53984 1.0472
505 545 2.53984 2.26893
1463 549 2.53984 0.349066
534 612 2.53984 -2.79253
1245 617 2.53984 1.39626
1023 619 2.53984 -2.0944
1019 621 2.53984 -2.0944
347 624 2.53984 0
1809 625 2.53984 -1.22173
1017 629 2.53984 -2.0944
327 634 2.53984 2.44346
565 636 2.53984 1.74533
755 636 2.53984 -0.174533
336 646 2.53984 2.61799
1035 671 2.53984 2.0944
1027 673 2.53984 2.0944
1199 706 2.53984 -1.91986
1351 721 2.53984 1.5708
1657 724 2.53984 0.523599
1649 727 2.53984 0.523599
943 728 2.53984 -0.349066
1648 729 2.53984 0.523599
628 730 2.53984 -1.91986
1647 731 2.53984 0.523599
368 732 2.53984 1.22173
1647 744 2.53984 0.523599
1646 746 2.53984 0.523599
1645 748 2.53984 0.523599
1638 749 2.53984 0.523599
419 809 2.53984 2.96706
942 811 2.53984 -2.0944
743 815 2.53984 -1.74533
1537 819 2.53984 -1.0472
1347 829 2.53984 -1.22173
1351 837 2.53984 0.349066
1542 841 2.53984 0.174533
837 896 2.53984 -0.523599
245 910 2.53984 -1.0472
41 911 2.53984 -2.79253
1231 912 2.53984 -0.872665
914 913 2.53984 -2.44346
849 918 2.53984 -0.523599
1433 922 2.53984 -2.79253
66 929 2.53984 0.523599
1826 931 2.53984 0.523599
1031 936 2.53984 0.523599
1235 936 2.53984 2.96706
707 939 2.53984 -2.26893
161 950 2.53984 0.174533
1344 1002 2.53984 -1.22173
1053 1015 2.53984 0.698132
744 1019 2.53984 -0.349066
1505 1019 2.53984 -2.0944
250 1020 2.53984 -0.523599
1351 1021 2.53984 0.872665
2013 1022 2.53984 2.61799
1236 1032 2.53984 2.61799
143 1096 2.53984 -1.0472
134 1097 2.53984 -1.0472
1703 1107 2.53984 -0.872665
338 1109 2.53984 -1.91986
809 1109 2.53984 -2.26893
1206 1117 2.53984 -2.26893
645 1118 2.53984 -0.698132
2011 1119 2.53984 -2.96706
248 1129 2.53984 0.349066
2036 1130 2.53984 1.74533
1942 1131 2.53984 0.698132
353 1134 2.53984 0.523599
244 1138 2.53984 0.349066
1121 1139 2.53984 1.0472
1416 1140 2.53984 1.5708
946 1142 2.53984 0.349066
246 1147 2.53984 0.349066
1028 1149 2.53984 1.91986
1441 1202 2.53984 -0.174533
952 1205 2.53984 -1.22173
534 1206 2.53984 -2.61799
927 1210 2.53984 -2.61799
763 1212 2.53984 -1.22173
1124 1217 2.53984 1.22173
244 1219 2.53984 0.872665
1228 1226 2.53984 -2.61799
1227 1228 2.53984 -2.61799
1226 1230 2.53984 -2.61799
1225 1232 2.53984 -2.61799
537 1233 2.53984 2.61799
1224 1234 2.53984 -2.61799
448 1239 2.53984 -0.698132
363 1296 2.53984 -1.0472
60 1298 2.53984 -2.0944
1703 1299 2.53984 -2.79253
911 1303 2.53984 -2.0944
43 1309 2.53984 -2.0944
1704 1310 2.53984 -2.79253
1697 1312 2.53984 -2.79253
738 1313 2.53984 -0.872665
1696 1314 2.53984 -2.79253
616 1318 2.53984 1.74533
247 1320 2.53984 -2.0944
1011 1321 2.53984 -2.79253
826 1331 2.53984 2.26893
265 1336 2.53984 1.22173
1052 1338 2.53984 0.349066
1338 1338 2.53984 -2.79253
1349 1339 2.53984 1.22173
1345 1341 2.53984 1.0472
42 1343 2.53984 2.0944
944 1394 2.53984 -1.91986
952 1397 2.53984 -1.91986
343 1402 2.53984 -2.44346
961 1408 2.53984 -0.698132
930 1414 2.53984 2.26893
1720 1414 2.53984 2.61799
1930 1417 2.53984 2.79253
1425 1419 2.53984 -2.61799
64 1423 2.53984 1.91986
1449 1426 2.53984 0.349066
1746 1428 2.53984 -1.0472
1344 1429 2.53984 -1.5708
1431 1433 2.53984 2.79253
1127 1435 2.53984 -2.79253
1342 1437 2.53984 1.0472
1336 1440 2.53984 1.0472
337 1517 2.53984 2.44346
1938 18 3.2 -2.0944
1420 26 3.2 -0.872665
1408 31 3.2 -2.61799
956 32 3.2 -0.698132
145 33 3.2 -2.0944
1406 34 3.2 -2.61799
252 35 3.2 -1.0472
1911 36 3.2 -2.26893
631 37 3.2 2.79253
1404 37 3.2 -2.61799
1411 39 3.2 -2.61799
2035 39 3.2 0
1409 42 3.2 -2.61799
236 43 3.2 -2.0944
851 44 3.2 1.0472
1408 44 3.2 -2.61799
44 46 3.2 -0.349066
156 49 3.2 -0.523599
1943 49 3.2 1.22173
1711 50 3.2 2.79253
550 54 3.2 -2.96706
140 56 3.2 2.0944
152 59 3.2 1.22173
2034 59 3.2 0.872665
357 64 3.2 -0.698132
1428 66 3.2 0.872665
1415 68 3.2 0.872665
2018 70 3.2 1.0472
1521 73 3.2 -2.96706
334 125 3.2 -2.0944
1803 126 3.2 2.79253
958 127 3.2 -0.698132
1427 128 3.2 0.349066
557 129 3.2 0.523599
1414 129 3.2 -2.26893
1017 132 3.2 -2.79253
1341 132 3.2 -0.698132
1521 132 3.2 -2.44346
936 139 3.2 -2.0944
1430 139 3.2 0.349066
1534 139 3.2 -1.0472
310 141 3.2 2.61799
546 146 3.2 0.523599
754 147 3.2 0.349066
354 148 3.2 -0.174533
1730 150 3.2 2.96706
847 151 3.2 -1.74533
1329 151 3.2 -2.61799
845 152 3.2 -1.74533
427 153 3.2 2.96706
48 155 3.2 2.44346
320 155 3.2 2.44346
1415 155 3.2 2.79253
957 157 3.2 1.0472
1746 158 3.2 0.698132
1348 163 3.2 2.0944
942 164 3.2 1.22173
341 165 3.2 0.698132
2017 166 3.2 1.39626
745 168 3.2 2.44346
654 171 3.2 0.174533
1733 171 3.2 0.872665
635 216 3.2 -0.872665
1925 231 3.2 -1.74533
1737 232 3.2 -0.523599
1727 234 3.2 -2.61799
460 237 3.2 -0.174533
58 239 3.2 0.349066
751 242 3.2 2.26893
270 246 3.2 -0.174533
562 246 3.2 0
2006 246 3.2 -2.61799
61 251 3.2 0.349066
50 257 3.2 0.349066
1323 313 3.2 -1.22173
1339 320 3.2 0
1302 324 3.2 -2.0944
622 326 3.2 -1.39626
543 327 3.2 -1.0472
1733 327 3.2 -1.0472
762 330 3.2 0.872665
1721 330 3.2 -2.44346
1719 333 3.2 -2.44346
1057 336 3.2 0.698132
1406 338 3.2 2.26893
434 339 3.2 -2.26893
445 339 3.2 0.174533
749 339 3.2 1.74533
615 340 3.2 2.26893
563 341 3.2 1.0472
1126 342 3.2 -1.91986
649 343 3.2 -0.698132
1337 347 3.2 2.0944
1622 353 3.2 1.74533
1822 353 3.2 2.0944
361 356 3.2 0
1649 356 3.2 -0.523599
1731 367 3.2 1.22173
838 406 3.2 -1.74533
911 416 3.2 2.96706
1525 420 3.2 -1.74533
1928 421 3.2 -0.872665
540 422 3.2 -2.26893
528 423 3.2 -2.26893
1626 423 3.2 -1.0472
1311 427 3.2 -1.91986
352 428 3.2 -1.74533
1449 431 3.2 0.872665
56 432 3.2 -0.349066
1643 434 3.2 0.349066
1705 439 3.2 2.96706
522 440 3.2 -2.44346
552 440 3.2 1.0472
1314 440 3.2 1.91986
624 448 3.2 2.44346
545 452 3.2 1.0472
1238 453 3.2 -2.61799
824 454 3.2 2.26893
2038 461 3.2 2.26893
637 462 3.2 0.698132
1918 508 3.2 -0.349066
1903 512 3.2 -1.91986
1016 519 3.2 -1.0472
916 521 3.2 -1.0472
1847 524 3.2 -1.74533
314 526 3.2 -2.79253
1443 527 3.2 -1.22173
141 528 3.2 1.0472
1532 530 3.2 -2.79253
1144 531 3.2 1.0472
1431 531 3.2 -2.79253
1639 532 3.2 0.872665
1545 534 3.2 -1.22173
946 537 3.2 -1.0472
1466 538 3.2 -1.0472
1051 540 3.2 1.39626
1244 541 3.2 -1.0472
1025 545 3.2 1.39626
507 546 3.2 2.26893
1829 547 3.2 0.698132
329 548 3.2 0
1620 548 3.2 -3.14159
1732 549 3.2 2.26893
956 550 3.2 0.698132
1722 550 3.2 2.26893
1524 554 3.2 2.0944
526 559 3.2 1.5708
1546 564 3.2 0
1453 566 3.2 0.523599
64 601 3.2 0
1233 603 3.2 -1.0472
1606 603 3.2 -2.96706
1221 605 3.2 -1.0472
1738 607 3.2 -2.44346
49 609 3.2 -2.0944
1425 610 3.2 -1.22173
2039 619 3.2 0.174533
1450 620 3.2 0.174533
2015 620 3.2 -2.79253
1218 621 3.2 1.39626
751 624 3.2 -1.0472
1110 624 3.2 2.79253
1135 624 3.2 0.349066
65 625 3.2 0
2013 625 3.2 -2.79253
662 627 3.2 -0.698132
846 629 3.2 -2.44346
1346 631 3.2 -0.523599
2010 632 3.2 -2.79253
2009 635 3.2 -2.79253
1919 636 3.2 1.91986
228 638 3.2 -1.5708
646 639 3.2 2.26893
2013 645 3.2 1.74533
831 647 3.2 1.5708
850 647 3.2 -0.174533
1337 647 3.2 0.523599
2031 648 3.2 1.74533
255 649 3.2 -0.698132
234 653 3.2 1.91986
1440 657 3.2 2.26893
1155 695 3.2 -2.44346
120 703 3.2 -1.5708
1214 703 3.2 -1.74533
1315 703 3.2 -2.44346
154 704 3.2 -1.5708
1719 706 3.2 -1.0472
242 711 3.2 -1.22173
109 714 3.2 -2.44346
731 715 3.2 2.61799
1653 716 3.2 -1.39626
1302 720 3.2 1.5708
1165 721 3.2 -0.349066
1938 721 3.2 0.174533
2038 724 3.2 -0.523599
1657 726 3.2 0.523599
1132 729 3.2 1.39626
1011 730 3.2 -1.74533
1231 730 3.2 0
1730 732 3.2 1.5708
253 734 3.2 0.349066
241 739 3.2 1.22173
1650 740 3.2 0.523599
1917 740 3.2 1.91986
1649 742 3.2 0.523599
128 746 3.2 2.0944
1638 747 3.2 0.523599
932 756 3.2 2.79253
952 761 3.2 1.74533
436 797 3.2 -0.523599
1435 806 3.2 -1.91986
1214 812 3.2 -1.5708
953 813 3.2 -2.0944
1760 813 3.2 -0.698132
1045 821 3.2 -1.22173
1724 822 3.2 2.44346
712 823 3.2 -2.79253
1332 824 3.2 -1.22173
1769 824 3.2 -0.698132
928 826 3.2 -2.61799
1415 826 3.2 -2.79253
626 827 3.2 -2.0944
962 828 3.2 -0.523599
426 831 3.2 1.39626
1008 837 3.2 1.74533
1314 838 3.2 -2.26893
707 839 3.2 1.91986
1351 839 3.2 0.349066
726 845 3.2 1.74533
633 847 3.2 1.22173
954 852 3.2 0.349066
915 853 3.2 2.26893
2021 854 3.2 2.0944
944 859 3.2 1.0472
949 864 3.2 1.0472
932 866 3.2 1.0472
837 898 3.2 -0.523599
1821 898 3.2 -2.44346
1546 899 3.2 -0.349066
1030 905 3.2 -0.872665
822 907 3.2 -2.61799
167 911 3.2 -1.5708
1232 914 3.2 -0.872665
1319 914 3.2 -1.22173
1444 914 3.2 -2.26893
1040 915 3.2 -0.872665
1831 920 3.2 0.349066
62 921 3.2 -0.698132
1338 923 3.2 -0.349066
1708 924 3.2 2.44346
260 925 3.2 1.22173
650 925 3.2 1.0472
1298 925 3.2 -2.0944
921 928 3.2 1.91986
2004 943 3.2 2.44346
1728 944 3.2 2.26893
2021 993 3.2 -0.872665
1643 996 3.2 -1.0472
944 1002 3.2 -0.698132
1530 1005 3.2 -2.0944
1821 1006 3.2 -2.96706
636 1012 3.2 -2.44346
1508 1018 3.2 -2.0944
1545 1027 3.2 -0.523599
624 1028 3.2 1.91986
865 1029 3.2 1.5708
1632 1031 3.2 0.349066
333 1032 3.2 2.26893
645 1033 3.2 1.74533
750 1037 3.2 -0.349066
351 1045 3.2 2.0944
2033 1048 3.2 2.44346
1236 1097 3.2 0
135 1099 3.2 -1.0472
1617 1103 3.2 -2.61799
431 1106 3.2 -3.14159
1211 1106 3.2 -2.26893
1704 1109 3.2 -3.14159
458 1115 3.2 -0.872665
235 1116 3.2 -2.0944
1209 1116 3.2 -2.26893
627 1118 3.2 -2.61799
1409 1122 3.2 -2.26893
153 1124 3.2 1.91986
1939 1124 3.2 -1.22173
219 1125 3.2 2.61799
1727 1129 3.2 1.5708
619 1134 3.2 1.74533
525 1137 3.2 -2.61799
641 1139 3.2 1.74533
1434 1140 3.2 -0.174533
1051 1141 3.2 0.523599
1049 1144 3.2 0.698132
443 1145 3.2 1.39626
1038 1146 3.2 0.698132
1908 1146 3.2 2.96706
1914 1186 3.2 -2.26893
641 1195 3.2 -1.22173
1937 1195 3.2 -1.22173
655 1201 3.2 0.174533
1898 1201 3.2 2.0944
227 1203 3.2 -2.44346
1440 1205 3.2 -0.174533
627 1206 3.2 -2.26893
747 1206 3.2 -1.22173
223 1209 3.2 -2.44346
731 1215 3.2 -2.0944
319 1223 3.2 -2.79253
239 1224 3.2 0.872665
1235 1227 3.2 -2.61799
2023 1233 3.2 2.44346
934 1234 3.2 0.349066
1611 1240 3.2 2.0944
748 1241 3.2 1.74533
1614 1242 3.2 2.0944
1617 1244 3.2 2.0944
1049 1246 3.2 0
1125 1298 3.2 -2.0944
56 1300 3.2 -2.0944
53 1302 3.2 -2.0944
1055 1303 3.2 -0.174533
1740 1304 3.2 -1.0472
2010 1305 3.2 -2.61799
58 1307 3.2 -2.0944
846 1309 3.2 -0.872665
1159 1310 3.2 0.698132
50 1312 3.2 -2.0944
736 1312 3.2 -0.872665
618 1317 3.2 1.74533
818 1317 3.2 2.26893
1058 1319 3.2 0.349066
1354 1319 3.2 -1.0472
944 1323 3.2 0.349066
1356 1329 3.2 1.0472
1014 1331 3.2 -2.79253
36 1332 3.2 2.0944
1021 1344 3.2 1.39626
1921 1344 3.2 2.0944
1022 1381 3.2 -1.39626
248 1387 3.2 -2.61799
456 1388 3.2 -0.349066
1045 1388 3.2 -1.22173
1534 1389 3.2 -2.0944
1943 1391 3.2 -2.0944
1243 1394 3.2 -0.698132
17 1396 3.2 2.44346
1926 1402 3.2 2.79253
1148 1404 3.2 -2.0944
930 1406 3.2 -1.91986
859 1407 3.2 0.349066
1143 1407 3.2 -2.0944
435 1408 3.2 -2.79253
834 1408 3.2 -2.26893
29 1409 3.2 2.44346
654 1411 3.2 -0.872665
1145 1414 3.2 -2.0944
1931 1415 3.2 2.79253
469 1416 3.2 0.349066
548 1416 3.2 -0.872665
457 1426 3.2 0.698132
1341 1430 3.2 1.0472
1158 1431 3.2 0.349066
448 1436 3.2 0.698132
1151 1444 3.2 1.0472
248 922 2.01587 1.22173
130 28 2.53984 -2.0944
160 36 2.53984 -0.523599
1634 364 2.53984 1.74533
622 462 2.53984 2.44346
830 632 2.53984 -2.44346
454 646 2.53984 -0.698132
1734 702 2.53984 -1.0472
1704 706 2.53984 -2.44346
1140 826 2.53984 1.91986
820 904 2.53984 -2.61799
1836 904 2.53984 -0.523599
1228 984 2.53984 -1.39626
1346 998 2.53984 -1.0472
960 1004 2.53984 -0.698132
852 1038 2.53984 1.5708
442 1236 2.53984 -0.698132
1232 1236 2.53984 -2.61799
938 1392 2.53984 -1.91986
548 1412 2.53984 -0.872665
950 1422 2.53984 1.39626
1246 1430 2.53984 1.5708
1246 34 3.2 0.698132
1400 34 3.2 -2.61799
1144 42 3.2 -3.14159
842 46 3.2 -1.39626
44 56 3.2 -0.174533
1432 68 3.2 0.872665
550 136 3.2 0.523599
1416 142 3.2 0.349066
832 158 3.2 -1.74533
746 234 3.2 -0.174533
1536 242 3.2 1.39626
144 250 3.2 -1.0472
438 352 3.2 0.174533
330 366 3.2 2.44346
824 396 3.2 -1.74533
800 422 3.2 -2.96706
616 430 3.2 -2.79253
1248 440 3.2 -2.61799
54 442 3.2 -0.349066
806 454 3.2 2.44346
132 530 3.2 -1.5708
1230 538 3.2 -1.0472
638 550 3.2 -2.96706
846 562 3.2 -2.96706
2008 624 3.2 -2.79253
1050 656 3.2 0.174533
1824 722 3.2 -0.698132
436 742 3.2 2.44346
1720 744 3.2 1.5708
356 818 3.2 1.74533
538 828 3.2 2.61799
1626 840 3.2 -3.14159
834 842 3.2 -0.523599
1940 914 3.2 1.91986
548 924 3.2 1.22173
1132 932 3.2 1.91986
434 938 3.2 -2.61799
1166 942 3.2 -1.22173
870 1010 3.2 -0.523599
1214 1016 3.2 2.61799
1824 1018 3.2 -2.96706
1632 1084 3.2 -1.74533
470 1130 3.2 0.174533
1634 1134 3.2 1.39626
1940 1142 3.2 0.698132
1140 1202 3.2 1.22173
1124 1206 3.2 1.22173
1630 1216 3.2 -0.872665
1438 1218 3.2 0
1608 1244 3.2 2.0944
846 1292 3.2 -0.872665
726 1308 3.2 1.5708
804 1308 3.2 2.96706
2020 1310 3.2 -2.61799
540 1322 3.2 1.5708
1346 1328 3.2 1.0472
818 1332 3.2 2.26893
342 1394 3.2 -2.44346
1260 1396 3.2 -0.698132
376 1406 3.2 0.174533
472 1422 3.2 0.349066
470 1426 3.2 0.349066
1736 1428 3.2 -1.0472
430 1430 3.2 2.61799
1330 1432 3.2 -1.5708
234 1506 3.2 2.44346
1716 36 2.53984 0.174533
140 44 2.53984 -2.0944
1832 44 2.53984 -1.5708
640 48 2.53984 2.79253
1532 52 2.53984 -2.79253
44 56 2.53984 -0.349066
1624 56 2.53984 -2.96706
344 60 2.53984 -3.14159
556 60 2.53984 -2.96706
1040 64 2.53984 -0.349066
1416 140 2.53984 -2.26893
1616 140 2.53984 -2.96706
436 144 2.53984 1.5708
132 148 2.53984 -3.14159
1344 148 2.53984 -0.698132
1140 152 2.53984 -0.174533
744 156 2.53984 0.174533
1736 156 2.53984 -2.79253
1220 160 2.53984 -1.74533
1248 232 2.53984 2.0944
344 236 2.53984 0.174533
552 236 2.53984 1.74533
2020 236 2.53984 0.698132
48 244 2.53984 0.174533
1620 248 2.53984 0
1040 256 2.53984 -0.872665
260 324 2.53984 -1.39626
748 332 2.53984 1.5708
948 336 2.53984 -2.96706
52 340 2.53984 -2.96706
1828 344 2.53984 -1.5708
440 352 2.53984 0.174533
1636 352 2.53984 1.5708
1124 356 2.53984 -1.91986
1912 420 2.53984 -3.14159
1132 424 2.53984 2.79253
924 428 2.53984 2.26893
1520 428 2.53984 -1.74533
1712 428 2.53984 0.698132
1436 432 2.53984 1.5708
536 436 2.53984 -2.26893
56 444 2.53984 -0.349066
1248 444 2.53984 0.872665
448 452 2.53984 -1.39626
1912 524 2.53984 2.96706
440 528 2.53984 0
324 532 2.53984 -0.174533
1032 536 2.53984 -1.22173
1628 536 2.53984 0.698132
1724 536 2.53984 2.0944
1832 536 2.53984 1.39626
1232 540 2.53984 1.5708
40 544 2.53984 0
1228 616 2.53984 1.5708
1336 628 2.53984 -3.14159
1736 628 2.53984 0
336 632 2.53984 -2.96706
1816 632 2.53984 1.74533
1936 636 2.53984 1.74533
844 640 2.53984 0
240 648 2.53984 1.74533
1320 712 2.53984 1.5708
248 724 2.53984 0
1640 724 2.53984 0.523599
356 728 2.53984 -1.39626
744 728 2.53984 2.79253
1024 740 2.53984 2.26893
40 744 2.53984 1.74533
1220 820 2.53984 -1.5708
1812 828 2.53984 -1.5708
1532 832 2.53984 2.0944
44 836 2.53984 1.5708
1624 840 2.53984 -2.96706
652 912 2.53984 -2.96706
836 912 2.53984 1.5708
1820 916 2.53984 -0.174533
928 920 2.53984 -0.174533
1032 920 2.53984 0.174533
248 924 2.53984 1.5708
1240 924 2.53984 -0.174533
1636 924 2.53984 -1.5708
1440 928 2.53984 1.5708
2004 928 2.53984 2.44346
1228 1004 2.53984 2.79253
948 1012 2.53984 -0.872665
1336 1012 2.53984 1.91986
1740 1012 2.53984 -3.14159
848 1016 2.53984 -1.5708
1040 1016 2.53984 -1.39626
1528 1016 2.53984 1.74533
636 1024 2.53984 -0.174533
248 1028 2.53984 0
1228 1108 2.53984 -2.0944
140 1112 2.53984 2.26893
352 1120 2.53984 -0.872665
2028 1120 2.53984 -1.39626
1120 1124 2.53984 -1.5708
1712 1124 2.53984 1.74533
1420 1128 2.53984 -3.14159
1820 1132 2.53984 -0.174533
536 1136 2.53984 1.5708
936 1136 2.53984 1.5708
1132 1204 2.53984 -1.74533
236 1212 2.53984 -2.26893
832 1220 2.53984 -1.5708
1616 1228 2.53984 2.26893
1044 1232 2.53984 0
2016 1312 2.53984 -2.61799
1536 1320 2.53984 1.39626
260 1324 2.53984 1.39626
1920 1332 2.53984 0.349066
1528 1404 2.53984 0
1936 1404 2.53984 1.5708
356 1408 2.53984 -3.14159
944 1408 2.53984 1.39626
844 1412 2.53984 0.174533
648 1416 2.53984 0.174533
1440 1420 2.53984 1.39626
536 1424 2.53984 1.74533
1736 1428 2.53984 2.44346
1928 40 3.2 1.5708
252 48 3.2 1.74533
952 48 3.2 -0.174533
1420 48 3.2 -2.44346
1340 52 3.2 -2.79253
2020 56 3.2 1.0472
1820 132 3.2 1.39626
52 136 3.2 -0.872665
1032 136 3.2 0.349066
644 144 3.2 2.79253
952 144 3.2 0.872665
1520 148 3.2 -2.26893
2008 156 3.2 1.0472
636 232 3.2 2.44346
440 244 3.2 -1.39626
1920 244 3.2 1.74533
260 248 3.2 -3.14159
1824 252 3.2 1.5708
1324 328 3.2 -0.174533
1416 328 3.2 -0.349066
148 340 3.2 0.174533
632 340 3.2 0
1036 344 3.2 1.0472
1528 344 3.2 0.174533
348 348 3.2 0
1732 348 3.2 -2.96706
1332 436 3.2 1.74533
636 440 3.2 0.174533
352 444 3.2 -0.523599
1624 448 3.2 0.523599
2036 448 3.2 2.0944
1132 524 3.2 -2.79253
1444 544 3.2 -1.5708
536 548 3.2 -1.74533
1536 548 3.2 -0.174533
56 620 3.2 0
1616 620 3.2 0.174533
548 624 3.2 1.5708
648 628 3.2 2.26893
1124 628 3.2 0
740 632 3.2 2.96706
1436 632 3.2 0
2028 632 3.2 -2.96706
1028 644 3.2 0
1152 716 3.2 1.22173
1220 720 3.2 -0.174533
1720 720 3.2 -1.0472
1924 728 3.2 0
652 740 3.2 -1.22173
936 744 3.2 2.79253
2036 744 3.2 -2.26893
436 816 3.2 -0.349066
1436 824 3.2 1.91986
1024 828 3.2 1.22173
728 832 3.2 -1.5708
632 836 3.2 -1.5708
1332 836 3.2 -1.5708
2028 844 3.2 1.5708
1540 916 3.2 0.174533
1720 924 3.2 2.79253
48 928 3.2 0.698132
1324 932 3.2 2.0944
728 936 3.2 -1.74533
1148 936 3.2 -1.22173
2028 1020 3.2 -3.14159
732 1024 3.2 -1.0472
348 1028 3.2 2.26893
1632 1108 3.2 -1.5708
1544 1112 3.2 1.74533
832 1116 3.2 0.698132
444 1124 3.2 2.96706
1036 1124 3.2 0.523599
636 1128 3.2 -1.5708
232 1132 3.2 -3.14159
1920 1132 3.2 -1.74533
1920 1200 3.2 2.0944
1720 1204 3.2 2.0944
640 1212 3.2 1.39626
2020 1212 3.2 2.79253
544 1216 3.2 1.5708
936 1216 3.2 0.523599
332 1220 3.2 -2.96706
748 1224 3.2 1.39626
1720 1308 3.2 0.872665
356 1312 3.2 0.872665
832 1312 3.2 -0.523599
1136 1316 3.2 1.0472
56 1320 3.2 -2.0944
1024 1400 3.2 0.872665
40 1404 3.2 -1.0472
252 1408 3.2 0.174533
448 1408 3.2 -2.96706
1240 1408 3.2 1.74533
2032 1416 3.2 1.74533
1148 1424 3.2 -2.0944
356 1520 3.2 -0.174533
136 720 2.53984 0
KEYPOINTS_B 551
1700 33 2.53984 2.96706
38 40 2.53984 -0.349066
1429 46 2.53984 0.698132
832 49 2.53984 1.0472
955 68 2.53984 2.0944
119 134 2.53984 -2.61799
118 136 2.53984 -2.61799
117 138 2.53984 -2.61799
539 145 2.53984 0.523599
843 146 2.53984 -1.74533
1409 153 2.53984 2.79253
739 166 2.53984 2.44346
1731 226 2.53984 -0.523599
648 233 2.53984 -0.349066
941 313 2.53984 -2.79253
615 322 2.53984 -2.61799
159 332 2.53984 0.872665
1626 336 2.53984 -2.0944
559 337 2.53984 1.0472
1130 340 2.53984 -2.0944
1835 348 2.53984 0.174533
1614 349 2.53984 -2.0944
434 360 2.53984 2.44346
807 405 2.53984 -1.74533
625 415 2.53984 -2.79253
535 416 2.53984 -2.26893
327 429 2.53984 -1.91986
1418 429 2.53984 -2.61799
1901 433 2.53984 1.0472
58 452 2.53984 -0.349066
826 454 2.53984 1.22173
1629 460 2.53984 0.174533
1122 504 2.53984 -2.79253
321 509 2.53984 -2.61799
435 513 2.53984 -0.523599
1009 513 2.53984 -1.0472
1843 518 2.53984 -1.74533
1811 527 2.53984 -1.91986
631 533 2.53984 -0.349066
1613 546 2.53984 -3.14159
1239 613 2.53984 1.39626
1803 621 2.53984 -1.22173
1011 625 2.53984 -2.0944
330 642 2.53984 2.61799
1435 655 2.53984 2.26893
1029 667 2.53984 2.0944
1193 702 2.53984 -1.91986
723 710 2.53984 2.61799
1345 717 2.53984 1.5708
937 724 2.53984 -0.349066
622 726 2.53984 2.44346
362 728 2.53984 1.22173
1632 745 2.53984 0.523599
413 805 2.53984 2.96706
1710 808 2.53984 -2.26893
1452 820 2.53984 -0.872665
1341 825 2.53984 -1.22173
1536 837 2.53984 0.174533
1332 852 2.53984 0.349066
831 892 2.53984 -0.523599
1815 893 2.53984 -2.44346
239 906 2.53984 -1.0472
1225 908 2.53984 -0.872665
843 914 2.53984 -0.523599
1820 927 2.53984 0.523599
1025 932 2.53984 0.523599
1229 932 2.53984 2.96706
2013 938 2.53984 1.39626
1338 998 2.53984 -1.22173
830 1004 2.53984 2.96706
1499 1015 2.53984 -2.0944
244 1016 2.53984 -0.523599
1230 1028 2.53984 2.61799
144 1055 2.53984 0.349066
128 1093 2.53984 -1.0472
1697 1103 2.53984 -0.872665
332 1105 2.53984 -1.91986
1200 1113 2.53984 -2.26893
242 1125 2.53984 0.349066
2030 1126 2.53984 1.74533
347 1130 2.53984 0.523599
1435 1198 2.53984 -2.61799
946 1201 2.53984 -1.22173
757 1208 2.53984 -1.22173
1606 1229 2.53984 2.0944
442 1235 2.53984 -0.698132
732 1309 2.53984 -0.872665
244 1314 2.53984 -2.26893
610 1314 2.53984 1.74533
910 1330 2.53984 1.22173
1120 1331 2.53984 1.0472
259 1332 2.53984 1.22173
1529 1383 2.53984 -2.0944
946 1393 2.53984 -1.91986
2035 1397 2.53984 -1.0472
955 1404 2.53984 -0.698132
924 1410 2.53984 2.26893
1714 1410 2.53984 -1.22173
1924 1413 2.53984 2.79253
58 1419 2.53984 1.91986
1740 1424 2.53984 -1.0472
1425 1429 2.53984 2.79253
331 1513 2.53984 2.44346
1414 22 3.2 -0.872665
1402 27 3.2 -2.61799
139 29 3.2 -2.0944
1400 30 3.2 -2.61799
625 33 3.2 2.79253
1398 33 3.2 -2.61799
1405 35 3.2 -2.61799
1403 38 3.2 -2.61799
230 39 3.2 -2.0944
845 40 3.2 1.0472
38 42 3.2 -0.349066
150 45 3.2 -0.523599
134 52 3.2 2.0944
1535 52 3.2 -0.349066
146 55 3.2 1.22173
351 60 3.2 1.22173
1409 64 3.2 0.872665
1515 69 3.2 -2.96706
27 114 3.2 -1.39626
1797 122 3.2 2.79253
1421 124 3.2 0.349066
551 125 3.2 0.523599
1335 128 3.2 -0.698132
1515 128 3.2 -2.44346
1528 135 3.2 -1.0472
304 137 3.2 -2.26893
540 142 3.2 0.523599
748 143 3.2 0.349066
841 147 3.2 -1.74533
839 148 3.2 0.872665
421 149 3.2 1.39626
1409 151 3.2 2.79253
1342 159 3.2 2.0944
335 161 3.2 0.698132
739 164 3.2 2.44346
648 167 3.2 0.174533
1727 167 3.2 0.872665
629 212 3.2 -0.872665
1919 227 3.2 -1.74533
1731 228 3.2 -0.523599
454 233 3.2 -0.174533
52 235 3.2 0.349066
745 238 3.2 2.26893
556 242 3.2 0
2000 242 3.2 -2.61799
44 253 3.2 0.349066
1296 320 3.2 -2.0944
1727 323 3.2 -1.0472
1051 332 3.2 0.698132
439 335 3.2 0.174533
609 336 3.2 2.26893
557 337 3.2 1.0472
643 339 3.2 -0.698132
324 342 3.2 2.44346
1331 343 3.2 2.0944
1616 349 3.2 1.74533
1643 352 3.2 -0.523599
355 353 3.2 0
832 402 3.2 -1.74533
905 412 3.2 2.96706
1712 413 3.2 -0.174533
1922 417 3.2 -0.872665
534 418 3.2 -2.26893
1620 419 3.2 -1.0472
1443 427 3.2 0.872665
50 428 3.2 -0.349066
1637 430 3.2 0.349066
1699 435 3.2 2.96706
516 436 3.2 -2.44346
546 436 3.2 1.0472
618 444 3.2 2.44346
1232 449 3.2 -2.61799
818 450 3.2 2.26893
631 458 3.2 0.698132
1912 504 3.2 -0.349066
1010 515 3.2 -1.0472
421 516 3.2 2.44346
910 517 3.2 -1.0472
135 524 3.2 1.0472
1526 526 3.2 -2.79253
1138 527 3.2 1.0472
1218 527 3.2 -1.0472
1633 528 3.2 0.872665
1460 534 3.2 -1.0472
1045 536 3.2 1.39626
1238 537 3.2 -1.0472
1019 541 3.2 1.39626
501 542 3.2 2.26893
1823 543 3.2 0.698132
323 544 3.2 0
1614 544 3.2 -3.14159
1726 545 3.2 2.26893
950 546 3.2 0.698132
1518 550 3.2 2.0944
1540 560 3.2 0
1447 562 3.2 0.523599
1215 601 3.2 -1.0472
1732 603 3.2 -2.44346
1419 606 3.2 -1.22173
2019 612 3.2 -1.39626
1032 615 3.2 -0.174533
2009 616 3.2 -2.79253
2007 621 3.2 -2.79253
840 625 3.2 -2.44346
558 631 3.2 1.74533
2003 631 3.2 -2.79253
1913 632 3.2 -2.26893
222 634 3.2 -1.5708
2007 641 3.2 1.74533
825 643 3.2 1.5708
844 643 3.2 -0.174533
1331 643 3.2 0.523599
249 645 3.2 -0.698132
1434 653 3.2 2.26893
1149 691 3.2 -0.349066
148 700 3.2 -1.5708
1713 702 3.2 -1.0472
236 707 3.2 -1.22173
725 711 3.2 2.61799
1647 712 3.2 -1.39626
1296 716 3.2 1.5708
1932 717 3.2 0.174533
2032 720 3.2 -0.523599
1126 725 3.2 1.39626
1005 726 3.2 -1.74533
1724 728 3.2 1.5708
235 735 3.2 1.22173
1632 743 3.2 2.96706
946 757 3.2 1.74533
430 793 3.2 -0.523599
1229 808 3.2 0.174533
947 809 3.2 -2.0944
1039 817 3.2 -1.22173
1763 820 3.2 -0.698132
445 823 3.2 1.39626
1002 833 3.2 1.74533
1308 834 3.2 -2.26893
2029 855 3.2 1.91986
926 862 3.2 1.0472
1540 895 3.2 -0.349066
1024 901 3.2 -0.872665
1226 910 3.2 -0.872665
1438 910 3.2 -2.26893
254 921 3.2 1.22173
1292 921 3.2 -2.0944
1722 940 3.2 2.26893
2015 989 3.2 -0.872665
938 998 3.2 -0.698132
1524 1001 3.2 -2.0944
1815 1002 3.2 -2.96706
630 1008 3.2 -2.44346
324 1010 3.2 -1.74533
1046 1011 3.2 -1.22173
1502 1014 3.2 -2.0944
1539 1023 3.2 -0.523599
618 1024 3.2 1.91986
859 1025 3.2 1.5708
639 1029 3.2 1.74533
365 1030 3.2 1.0472
744 1033 3.2 -0.349066
2027 1044 3.2 2.44346
1230 1093 3.2 0
129 1095 3.2 -1.0472
1611 1099 3.2 -2.61799
425 1102 3.2 -3.14159
1698 1105 3.2 -3.14159
452 1111 3.2 -0.872665
229 1112 3.2 -2.0944
1204 1112 3.2 -2.26893
1919 1115 3.2 -2.0944
147 1120 3.2 1.91986
1933 1120 3.2 -1.22173
213 1121 3.2 2.61799
1721 1125 3.2 1.5708
613 1130 3.2 -2.61799
519 1133 3.2 -2.61799
1032 1142 3.2 1.91986
1902 1142 3.2 2.96706
231 1147 3.2 0.523599
1931 1191 3.2 -1.22173
1892 1197 3.2 2.0944
1434 1201 3.2 -0.174533
1919 1214 3.2 2.0944
1229 1223 3.2 -2.61799
531 1228 3.2 2.61799
928 1230 3.2 0.349066
1602 1234 3.2 2.0944
1605 1236 3.2 2.0944
1043 1242 3.2 0
807 1288 3.2 2.96706
1049 1299 3.2 -0.174533
627 1300 3.2 -0.174533
1734 1300 3.2 -1.0472
840 1305 3.2 -0.872665
1153 1306 3.2 0.698132
730 1308 3.2 -0.872665
612 1313 3.2 1.74533
840 1318 3.2 0.872665
829 1325 3.2 1.0472
1350 1325 3.2 1.0472
30 1328 3.2 2.0944
1015 1340 3.2 1.39626
1915 1340 3.2 2.0944
1016 1377 3.2 -2.44346
242 1383 3.2 -2.61799
450 1384 3.2 -1.74533
1528 1385 3.2 -2.0944
1937 1387 3.2 -2.0944
342 1390 3.2 -2.44346
1237 1390 3.2 -0.698132
11 1392 3.2 -1.74533
1920 1398 3.2 2.79253
924 1402 3.2 -1.91986
994 1402 3.2 2.0944
429 1404 3.2 -2.79253
1925 1411 3.2 2.79253
1016 1414 3.2 2.0944
451 1422 3.2 0.698132
1335 1426 3.2 1.0472
442 1432 3.2 0.698132
333 1513 3.2 -2.0944
359 1530 3.2 0.174533
448 642 2.53984 -0.698132
1134 822 2.53984 1.91986
436 1232 2.53984 -0.698132
1226 1232 2.53984 -2.79253
1240 30 3.2 0.523599
1138 38 3.2 -3.14159
836 42 3.2 -1.39626
38 52 3.2 -0.174533
1410 138 3.2 0.349066
826 154 3.2 -1.74533
740 230 3.2 -0.174533
1530 238 3.2 1.39626
138 246 3.2 -1.0472
432 348 3.2 0.174533
1242 436 3.2 -2.61799
48 438 3.2 -0.349066
126 526 3.2 -1.5708
1224 534 3.2 -1.0472
632 546 3.2 -2.96706
840 558 3.2 -2.96706
1818 718 3.2 -0.698132
430 738 3.2 2.44346
350 814 3.2 1.74533
532 824 3.2 2.61799
1620 836 3.2 -3.14159
828 838 3.2 -0.523599
1934 910 3.2 1.91986
542 920 3.2 1.22173
1126 928 3.2 1.91986
428 934 3.2 -2.61799
1160 938 3.2 -1.22173
1818 1014 3.2 -2.96706
1134 1198 3.2 1.22173
1118 1202 3.2 1.22173
1432 1214 3.2 0
720 1304 3.2 1.5708
2014 1306 3.2 -2.61799
534 1318 3.2 1.5708
1340 1324 3.2 1.0472
1730 1424 3.2 -1.0472
1324 1428 3.2 -1.5708
228 1502 3.2 0.698132
1708 32 2.53984 -2.79253
136 40 2.53984 -0.174533
1824 40 2.53984 1.5708
1524 52 2.53984 -2.96706
1620 52 2.53984 1.5708
340 56 2.53984 -3.14159
552 56 2.53984 -2.96706
1032 60 2.53984 1.74533
1608 136 2.53984 -1.74533
128 144 2.53984 0.174533
1336 144 2.53984 -2.44346
1132 148 2.53984 -0.174533
1732 152 2.53984 1.39626
1240 228 2.53984 -1.5708
340 232 2.53984 0.174533
548 232 2.53984 1.5708
40 240 2.53984 -2.26893
1036 252 2.53984 1.74533
252 320 2.53984 -0.698132
740 328 2.53984 1.22173
944 332 2.53984 -2.96706
48 336 2.53984 -2.96706
1824 340 2.53984 -1.74533
1632 348 2.53984 1.39626
1908 416 2.53984 1.39626
1128 420 2.53984 -0.349066
916 424 2.53984 2.44346
1512 424 2.53984 1.39626
1704 424 2.53984 -3.14159
1432 428 2.53984 0
532 432 2.53984 1.39626
1240 440 2.53984 -2.61799
2024 440 2.53984 -1.0472
444 452 2.53984 -0.174533
1908 520 2.53984 -0.174533
432 524 2.53984 1.74533
320 528 2.53984 0
1024 532 2.53984 -0.872665
1620 532 2.53984 0.174533
1716 532 2.53984 1.91986
32 540 2.53984 -2.26893
1220 612 2.53984 1.39626
1332 624 2.53984 -0.174533
1728 624 2.53984 -3.14159
332 628 2.53984 0.174533
1812 628 2.53984 -1.39626
1932 632 2.53984 -1.39626
836 636 2.53984 -1.74533
236 644 2.53984 2.0944
240 720 2.53984 -1.5708
1636 720 2.53984 -1.5708
348 724 2.53984 1.74533
1020 736 2.53984 2.44346
1216 816 2.53984 -1.74533
1524 824 2.53984 -1.0472
1808 824 2.53984 0.174533
828 908 2.53984 -2.61799
1816 912 2.53984 -0.174533
920 916 2.53984 -0.523599
1024 916 2.53984 0.174533
244 920 2.53984 1.74533
1628 920 2.53984 -3.14159
1436 924 2.53984 0.698132
2000 924 2.53984 -1.39626
1224 1000 2.53984 2.79253
944 1008 2.53984 -0.698132
1332 1008 2.53984 -1.39626
1032 1012 2.53984 -1.5708
1520 1012 2.53984 1.74533
240 1024 2.53984 2.96706
136 1108 2.53984 1.91986
1540 1108 2.53984 1.5708
344 1116 2.53984 1.74533
2020 1116 2.53984 -1.5708
1112 1120 2.53984 -2.26893
1416 1124 2.53984 -0.174533
1812 1128 2.53984 2.96706
932 1132 2.53984 1.39626
824 1216 2.53984 -1.39626
1612 1224 2.53984 -1.22173
1528 1316 2.53984 -2.96706
252 1320 2.53984 -2.26893
1912 1328 2.53984 1.5708
1932 1400 2.53984 0.872665
348 1404 2.53984 -2.61799
940 1404 2.53984 1.5708
836 1408 2.53984 0.174533
640 1412 2.53984 -3.14159
2024 1412 2.53984 1.39626
1432 1416 2.53984 0.698132
532 1420 2.53984 1.5708
1924 36 3.2 1.39626
248 44 3.2 -1.39626
944 44 3.2 -0.174533
1412 44 3.2 0.698132
1332 48 3.2 -2.79253
2012 52 3.2 -1.74533
1812 128 3.2 0.872665
44 132 3.2 -1.22173
1024 132 3.2 -2.61799
640 140 3.2 2.79253
944 140 3.2 -1.74533
1512 144 3.2 -2.61799
2004 152 3.2 1.0472
632 228 3.2 1.5708
432 240 3.2 -1.5708
1916 240 3.2 1.5708
252 244 3.2 -3.14159
1816 248 3.2 1.74533
1320 324 3.2 -0.174533
1408 324 3.2 -0.349066
140 336 3.2 -2.61799
624 336 3.2 2.26893
1028 340 3.2 -3.14159
1520 340 3.2 -2.96706
340 344 3.2 2.96706
1728 344 3.2 -2.96706
1324 432 3.2 -1.39626
632 436 3.2 0.174533
348 444 3.2 2.44346
1616 444 3.2 -2.61799
1128 520 3.2 0.174533
1440 540 3.2 -1.39626
532 544 3.2 -1.74533
1532 544 3.2 0
48 616 3.2 -2.96706
540 620 3.2 1.74533
1608 620 3.2 0.174533
644 624 3.2 -0.872665
1116 624 3.2 0
736 628 3.2 2.96706
1428 628 3.2 2.96706
2020 628 3.2 -2.96706
1024 640 3.2 0
1144 712 3.2 1.22173
1212 716 3.2 2.44346
1716 716 3.2 -1.0472
1916 724 3.2 -1.39626
644 736 3.2 -1.22173
932 740 3.2 2.79253
2028 740 3.2 -2.79253
428 812 3.2 -0.174533
1428 820 3.2 1.91986
1020 824 3.2 1.0472
720 828 3.2 -1.74533
624 832 3.2 -1.39626
1328 832 3.2 0.872665
2020 840 3.2 2.0944
1532 912 3.2 0.174533
1712 916 3.2 2.61799
40 924 3.2 -2.96706
1320 928 3.2 2.0944
720 936 3.2 1.5708
844 1012 3.2 -0.698132
2020 1016 3.2 -3.14159
724 1020 3.2 -1.0472
344 1024 3.2 1.74533
1624 1104 3.2 -2.26893
824 1112 3.2 0.872665
440 1120 3.2 2.96706
1028 1120 3.2 -2.96706
632 1124 3.2 -1.74533
228 1128 3.2 2.61799
1916 1128 3.2 0.698132
1912 1196 3.2 2.26893
1716 1200 3.2 1.91986
632 1208 3.2 1.0472
536 1212 3.2 -2.44346
928 1212 3.2 0.349066
2016 1212 3.2 1.5708
324 1216 3.2 -2.79253
740 1220 3.2 1.5708
1712 1304 3.2 -2.79253
348 1308 3.2 1.22173
824 1308 3.2 2.26893
1132 1308 3.2 -1.74533
52 1316 3.2 -2.26893
1016 1396 3.2 -2.44346
32 1400 3.2 -1.0472
244 1404 3.2 -2.96706
444 1404 3.2 0.174533
1236 1404 3.2 1.5708
1140 1420 3.2 -2.0944
348 1516 3.2 2.79253
MATCHES 404
1 68 0.0676907
2 87 0.140034
3 208 0.149586
5 0 0.0505216
6 208 0.237214
10 3 0.0115714
12 160 0.181612
15 64 0.0286483
17 5 0.0526755
18 6 0.0427822
19 7 0.0111016
21 160 0.366915
23 8 0.00668126
24 9 0.0503733
25 10 0.152598
26 169 0.173061
27 11 0.104061
28 12 0.0290242
29 13 0.0602211
30 64 0.0522289
31 2 0.0820327
32 42 0.0291316
33 49 0.0482791
35 208 0.301166
36 87 0.0823662
37 96 0.081423
39 0 0.152933
41 18 0.131273
43 19 0.0595769
45 20 0.00817646
46 21 0.00819517
47 22 0.0824728
49 24 0.0313137
50 25 0.0727499
51 64 0.06061
53 27 0.0807452
54 28 0.0265641
55 5 0.139585
58 29 0.00538517
59 31 0.0205409
60 32 0.0117605
61 33 0.0155253
63 35 0.12419
64 36 0.0954115
65 94 0.0591226
67 38 0.00285429
68 64 0.0349418
70 94 0.101829
71 87 0.0504074
76 40 0.00897234
80 41 0.0412914
84 160 0.149399
85 43 0.0250916
86 45 0.012379
88 46 0.0120789
92 49 0.0273197
96 51 0.0289087
99 96 0.262388
100 52 0.0517034
101 53 0.0526759
105 56 0.0670439
107 57 0.136646
108 59 0.069117
109 61 0.02076
110 32 0.0901184
111 62 0.0949668
113 63 0.0933346
114 160 0.174255
116 64 0.0330854
118 66 0.0800731
121 68 0.014138
124 70 0.069155
125 71 0.0376309
127 160 0.231682
128 72 0.0342109
130 74 0.0825329
131 75 0.0875543
132 76 0.0560813
134 77 0.0140605
137 78 0.0230643
138 79 0.0423563
142 94 0.115927
145 68 0.0406916
148 82 0.0671728
149 64 0.0343466
150 160 0.120114
151 83 0.0107059
160 85 0.0730002
161 160 0.251503
162 5 0.146901
163 68 0.0276992
164 42 0.0159889
165 7 0.0398788
166 84 0.0259736
167 87 0.0759711
168 86 0.0163749
169 94 0.138826
170 88 0.060202
174 91 0.00545428
175 32 0.0884902
177 91 0.0996048
181 93 0.0344158
183 95 0.0596578
184 96 0.00337934
186 98 0.11166
188 99 0.109824
189 296 0.251195
190 100 0.00911846
192 101 0.0355052
193 78 0.0975292
196 102 0.0684674
198 103 0.0280765
201 105 0.0025729
205 107 0.0430514
206 108 0.00203499
209 110 0.01115
210 111 0.0281621
211 112 0.0396788
213 113 0.0196056
214 114 0.0119686
217 156 0.0744846
218 115 0.0431256
219 117 0.0186471
220 300 0.008599
223 119 0.00268537
224 160 0.132371
225 120 0.0336889
226 266 0.112804
227 122 0.00322248
228 177 0.063235
229 123 0.0420846
230 124 0.0101253
232 320 0.0741707
233 125 0.00232032
234 126 0.0117034
238 267 0.100319
239 129 0.00233722
240 130 0.0893794
242 156 0.115127
243 131 0.0906132
249 134 0.0297474
250 320 0.0461649
252 135 0.0461761
257 138 0.0267317
258 139 0.00278898
260 141 0.0065629
261 142 0.0399782
263 143 0.0246305
264 144 0.0412102
265 145 0.0280503
266 160 0.0944718
268 147 0.016367
270 148 0.00371487
271 115 0.196967
273 149 0.0439494
275 317 0.0987797
276 150 0.00225836
279 311 0.0292972
280 151 0.00206194
281 296 0.0175721
283 152 0.00172958
285 153 0.0312541
288 155 0.00212408
289 157 0.0505352
290 158 0.0199579
291 317 0.26917
292 160 0.210255
295 161 0.00158809
296 162 0.00254841
297 173 0.118297
298 164 0.00362233
299 165 0.00439833
304 167 0.0395942
305 168 0.00176822
306 169 0.172701
307 170 0.0294992
308 171 0.00736253
311 173 0.00321213
313 174 0.0719288
314 175 0.00265353
316 176 0.021828
317 177 0.00344954
319 178 0.153539
320 180 0.0328633
324 181 0.113887
326 183 0.0643839
328 185 0.0437134
330 160 0.164255
333 188 0.0570839
335 190 0.0153281
336 191 0.0177195
337 192 0.0396524
338 217 0.0810999
339 194 0.00491457
340 195 0.0052807
342 196 0.0306234
343 266 0.247853
344 197 0.0477074
345 198 0.010691
346 154 0.0636637
347 311 0.0369628
349 199 0.0390906
350 200 0.0908904
351 317 0.123632
356 221 0.108142
357 272 0.243333
359 115 0.164698
360 266 0.32302
361 205 0.0113942
362 296 0.0863588
363 206 0.0151759
365 87 0.146765
366 208 0.0488266
368 210 0.0256346
369 320 0.104528
371 212 0.00206847
372 213 0.0185757
373 214 0.00911189
376 296 0.12125
377 216 0.0229832
378 190 0.128761
381 126 0.0249723
383 219 0.000870169
386 221 0.0347687
387 222 0.00253904
388 223 0.100846
390 224 0.0112705
391 225 0.0712979
392 311 0.0908454
393 226 0.117797
394 227 0.0763206
396 228 0.151151
397 272 0.167319
398 229 0.0180492
400 160 0.0893566
402 175 0.119858
405 231 0.0264197
406 232 0.040985
407 116 0.148245
409 105 0.0113852
410 317 0.254013
411 235 0.0438531
412 317 0.111285
415 236 0.0535989
416 266 0.0636706
418 272 0.289836
419 272 0.155929
420 161 0.0342309
421 238 0.0492498
422 239 0.0392912
425 300 0.115071
427 266 0.203561
431 311 0.038426
432 301 0.0250098
434 291 0.0731222
435 242 0.0502983
436 243 0.0194073
438 218 0.182674
439 244 0.0455664
440 300 0.315959
441 245 0.0256561
442 153 0.0528276
443 300 0.221105
447 246 0.0311637
449 247 0.0762869
455 250 0.0268658
456 251 0.0483957
457 252 0.070241
458 253 0.0253931
460 257 0.0331386
461 258 0.0164477
462 259 0.00215803
465 260 0.0904506
466 262 0.0729853
468 263 0.0689033
470 265 0.0119016
471 266 0.0421191
472 267 0.0205607
474 268 0.0782362
475 269 0.0149547
476 270 0.0188413
477 123 0.109384
480 273 0.002194
481 274 0.0138016
483 276 0.148473
484 283 0.071961
485 278 0.0403347
486 317 0.165156
492 280 0.0224444
493 119 0.0553182
495 282 0.0121806
497 283 0.015868
499 284 0.00188659
500 115 0.125033
501 115 0.157014
502 311 0.0411
504 320 0.128197
506 286 0.0447829
508 288 0.0218064
509 290 0.00210752
510 317 0.0681334
511 290 0.00163705
512 87 0.167557
514 87 0.147951
515 311 0.0517825
516 311 0.0486438
517 293 0.0375928
518 295 0.03206
521 296 0.00525006
522 297 0.166873
524 298 0.000756992
525 299 0.0036705
526 266 0.103621
528 208 0.0882622
530 302 0.0035202
531 300 0.185489
532 303 0.0336615
533 304 0.0463821
534 305 0.0165318
535 175 0.123567
536 307 0.00491395
537 177 0.0105356
539 309 0.049783
540 310 0.0520269
541 312 0.00759583
543 314 0.0196586
546 311 0.0957307
547 311 0.054181
548 317 0.0260026
549 317 0.121284
551 156 0.203825
553 318 0.0354722
555 117 0.103677
556 320 0.0072492
557 321 0.0552642
558 160 0.132475
559 322 0.0342443
567 325 0.00270004
570 326 0.0036614
577 327 0.0155488
584 208 0.331922
585 330 0.034985
586 331 0.00155783
587 332 0.0212614
590 333 0.00143518
591 334 0.00985013
592 335 0.038467
593 336 0.00101021
594 337 0.00803799
595 338 0.0235203
600 339 0.0812172
601 340 0.0665566
603 341 0.00309437
604 342 0.0423531
605 343 0.00129074
606 344 0.0251455
607 208 0.373625
608 208 0.376494
609 345 0.0304443
610 346 0.052635
612 347 0.0239737
613 348 0.0285013
614 349 0.0221336
615 350 0.00149723
616 351 0.0165023
617 352 0.00168497
618 353 0.00130304
619 354 0.0116978
620 355 0.00102166
623 356 0.000912694
628 357 0.0597379
629 358 0.001154
631 359 0.020782
632 208 0.28816
634 360 0.00105277
636 361 0.0196698
637 362 0.0346718
638 363 0.00169818
644 208 0.348935
645 364 0.00130397
647 365 0.0126606
648 486 0.116161
649 453 0.112972
655 367 0.125191
703 454 0.134797
704 410 0.108013
715 367 0.0984794
727 396 0.0860926
732 431 0.140246
741 431 0.142197
743 456 0.0785524
768 419 0.121171
769 538 0.0761216
779 486 0.108723
782 520 0.112799
786 535 0.10984
787 476 0.150184
791 529 0.117419
796 494 0.112212
805 547 0.0740543
811 507 0.238249
813 501 0.202346
823 354 0.148977
863 354 0.129555
