KEYPOINTS_A 1397
1803 25 2.53984 -0.174533
640 31 2.53984 -2.79253
799 31 2.53984 -2.79253
1687 35 2.53984 -1.74533
439 37 2.53984 -2.0944
433 40 2.53984 -2.0944
1618 41 2.53984 0.349066
1991 42 2.53984 -2.61799
1983 44 2.53984 -2.61799
1982 46 2.53984 -2.61799
1792 50 2.53984 -2.79253
1613 52 2.53984 0.349066
239 54 2.53984 2.0944
537 56 2.53984 -2.96706
262 62 2.53984 2.0944
719 62 2.53984 2.61799
132 123 2.53984 -1.22173
156 134 2.53984 0.174533
1697 134 2.53984 -2.44346
1698 142 2.53984 2.79253
337 145 2.53984 -2.26893
904 145 2.53984 2.26893
2510 148 2.53984 -0.349066
365 157 2.53984 0.174533
1704 157 2.53984 1.0472
649 183 2.53984 1.5708
1427 183 2.53984 1.0472
1328 247 2.53984 -2.61799
236 249 2.53984 -2.61799
235 251 2.53984 -2.61799
2193 252 2.53984 -1.91986
2506 253 2.53984 -1.0472
2213 257 2.53984 0.523599
231 259 2.53984 -2.61799
230 261 2.53984 -2.61799
2507 261 2.53984 0.698132
2210 263 2.53984 0.349066
2423 264 2.53984 0.872665
1109 266 2.53984 1.74533
2206 272 2.53984 0.523599
2205 274 2.53984 0.523599
1883 282 2.53984 2.0944
1321 341 2.53984 -2.0944
2487 341 2.53984 -2.79253
561 347 2.53984 -1.91986
1310 347 2.53984 -2.0944
1304 350 2.53984 -2.0944
1420 350 2.53984 -2.61799
2489 350 2.53984 -2.79253
2482 352 2.53984 -2.79253
418 360 2.53984 -2.44346
1635 360 2.53984 -0.872665
1407 361 2.53984 -2.61799
340 362 2.53984 -2.26893
641 365 2.53984 -0.349066
1941 365 2.53984 -0.872665
1789 366 2.53984 -2.61799
2029 375 2.53984 1.0472
351 376 2.53984 1.74533
2192 377 2.53984 2.96706
2098 378 2.53984 2.61799
2380 378 2.53984 -2.61799
53 386 2.53984 1.91986
819 386 2.53984 2.79253
2102 447 2.53984 -2.61799
1010 448 2.53984 -2.96706
2094 459 2.53984 -2.61799
2025 466 2.53984 -1.74533
1030 469 2.53984 -0.174533
828 475 2.53984 2.0944
639 498 2.53984 2.79253
1313 549 2.53984 -0.872665
147 558 2.53984 -2.79253
1138 559 2.53984 -0.698132
1302 560 2.53984 -2.79253
613 564 2.53984 -2.96706
1818 568 2.53984 -2.44346
157 573 2.53984 -0.523599
1301 575 2.53984 2.0944
2005 575 2.53984 -1.22173
1212 578 2.53984 -1.22173
1204 581 2.53984 2.79253
642 584 2.53984 1.0472
624 587 2.53984 1.0472
634 588 2.53984 1.0472
2204 590 2.53984 1.0472
2188 592 2.53984 2.96706
2385 593 2.53984 1.91986
623 594 2.53984 1.0472
1498 594 2.53984 2.0944
621 595 2.53984 1.0472
619 596 2.53984 1.0472
617 597 2.53984 1.0472
2506 597 2.53984 0.174533
2406 599 2.53984 -0.698132
543 602 2.53984 2.61799
1517 602 2.53984 -0.174533
1032 607 2.53984 0.872665
65 661 2.53984 -1.0472
1325 669 2.53984 2.44346
653 670 2.53984 -1.0472
450 671 2.53984 -0.174533
1002 674 2.53984 2.79253
742 675 2.53984 0.523599
1351 675 2.53984 0.523599
1405 677 2.53984 -2.26893
563 684 2.53984 -1.22173
736 684 2.53984 0.523599
1237 691 2.53984 0.523599
1391 691 2.53984 2.26893
1034 692 2.53984 0.523599
1230 692 2.53984 0.523599
147 693 2.53984 0.523599
631 693 2.53984 2.61799
1233 699 2.53984 0.349066
1226 701 2.53984 0.349066
1229 708 2.53984 0.523599
1228 710 2.53984 0.523599
117 716 2.53984 1.91986
353 760 2.53984 -2.26893
1031 768 2.53984 -2.0944
1023 772 2.53984 -2.0944
1030 775 2.53984 -2.0944
2504 778 2.53984 0
836 782 2.53984 -0.872665
1056 782 2.53984 0.349066
135 789 2.53984 -2.96706
1053 791 2.53984 0.349066
1242 795 2.53984 0.349066
2002 798 2.53984 -2.0944
185 799 2.53984 -0.872665
66 807 2.53984 1.22173
77 808 2.53984 1.0472
75 809 2.53984 1.0472
73 810 2.53984 1.0472
57 811 2.53984 1.0472
359 811 2.53984 0.523599
64 814 2.53984 1.22173
454 818 2.53984 1.39626
54 819 2.53984 1.0472
43 857 2.53984 -2.61799
834 876 2.53984 -0.349066
343 882 2.53984 -2.61799
2209 885 2.53984 -0.698132
714 887 2.53984 -2.0944
2401 888 2.53984 -0.174533
2494 893 2.53984 2.0944
251 895 2.53984 -0.349066
736 899 2.53984 0.523599
1736 899 2.53984 -1.22173
1717 907 2.53984 1.22173
718 913 2.53984 1.22173
257 916 2.53984 1.74533
1143 974 2.53984 -1.91986
926 976 2.53984 -0.872665
121 982 2.53984 -2.26893
1302 983 2.53984 -2.0944
2423 985 2.53984 0
1006 989 2.53984 -2.61799
359 990 2.53984 -2.61799
652 993 2.53984 -0.349066
2514 999 2.53984 0.349066
2423 1002 2.53984 0
57 1005 2.53984 1.22173
1022 1007 2.53984 0.523599
455 1009 2.53984 0.698132
246 1015 2.53984 2.26893
1394 1075 2.53984 -2.44346
819 1077 2.53984 -1.91986
1217 1084 2.53984 -2.79253
1975 1084 2.53984 -2.0944
130 1089 2.53984 -2.96706
1219 1093 2.53984 -2.79253
1712 1095 2.53984 -2.79253
1389 1098 2.53984 2.44346
1522 1101 2.53984 -0.174533
1801 1101 2.53984 -0.523599
913 1102 2.53984 2.61799
1215 1102 2.53984 -2.79253
1984 1111 2.53984 1.91986
1054 1116 2.53984 0.523599
1300 1117 2.53984 1.91986
1720 1139 2.53984 2.44346
819 1172 2.53984 -1.91986
2024 1180 2.53984 -1.22173
2026 1187 2.53984 -1.22173
2037 1192 2.53984 0.698132
463 1193 2.53984 -1.74533
1684 1196 2.53984 -2.96706
2306 1197 2.53984 -0.349066
433 1210 2.53984 2.61799
2394 1210 2.53984 -2.0944
466 1223 2.53984 1.0472
2284 1226 2.53984 2.0944
460 1227 2.53984 1.0472
2276 1228 2.53984 2.0944
1120 1234 2.53984 1.91986
1143 1235 2.53984 0.523599
1113 1237 2.53984 2.0944
1142 1237 2.53984 0.523599
1122 1241 2.53984 1.91986
1126 1243 2.53984 2.0944
1016 1286 2.53984 -2.61799
1119 1291 2.53984 -2.0944
2384 1301 2.53984 -1.91986
1704 1310 2.53984 -0.174533
1799 1310 2.53984 -1.91986
2507 1311 2.53984 -0.698132
835 1314 2.53984 -1.91986
1007 1318 2.53984 1.0472
2198 1320 2.53984 -2.44346
1133 1323 2.53984 0.174533
1778 1326 2.53984 2.44346
916 1332 2.53984 -2.61799
939 1332 2.53984 1.39626
1888 1334 2.53984 2.44346
2489 1337 2.53984 2.61799
1700 1338 2.53984 2.0944
1402 1390 2.53984 2.79253
29 1393 2.53984 -2.0944
51 1393 2.53984 -1.0472
118 1394 2.53984 -2.96706
54 1395 2.53984 -1.0472
529 1397 2.53984 -2.61799
2320 1397 2.53984 0.523599
1022 1400 2.53984 -2.61799
1021 1402 2.53984 -2.61799
1020 1404 2.53984 -2.61799
742 1405 2.53984 -0.174533
18 1406 2.53984 2.96706
1716 1408 2.53984 2.44346
234 1410 2.53984 -0.349066
2310 1411 2.53984 0.698132
1016 1412 2.53984 -2.61799
1091 1413 2.53984 2.61799
1015 1414 2.53984 -2.61799
1816 1416 2.53984 2.79253
2476 1416 2.53984 2.26893
746 1423 2.53984 -0.174533
217 1424 2.53984 -2.26893
345 1430 2.53984 0.349066
54 1434 2.53984 1.0472
1329 1435 2.53984 2.0944
532 1441 2.53984 0.698132
1523 1492 2.53984 -2.0944
2087 1499 2.53984 -2.61799
2086 1501 2.53984 -2.61799
1505 1507 2.53984 2.79253
2083 1507 2.53984 -2.61799
2280 1508 2.53984 -1.74533
1816 1513 2.53984 -2.0944
2080 1513 2.53984 -2.61799
942 1514 2.53984 -0.872665
1908 1514 2.53984 -1.91986
2119 1514 2.53984 -0.872665
221 1519 2.53984 -1.74533
2393 1519 2.53984 -2.0944
1035 1522 2.53984 0.174533
532 1526 2.53984 -1.74533
1796 1526 2.53984 -2.0944
2307 1526 2.53984 2.0944
2202 1529 2.53984 2.26893
632 1534 2.53984 2.79253
846 1535 2.53984 1.0472
1537 1535 2.53984 0.174533
2223 1542 2.53984 1.0472
433 1550 2.53984 2.0944
1433 1603 2.53984 -0.872665
148 1606 2.53984 -0.174533
1226 1618 2.53984 -1.0472
2078 1620 2.53984 -2.61799
1802 1622 2.53984 0.523599
1886 1625 2.53984 -2.61799
566 1626 2.53984 -0.872665
328 1630 2.53984 2.26893
916 1630 2.53984 2.61799
1343 1633 2.53984 0.523599
1407 1633 2.53984 1.5708
753 1640 2.53984 1.74533
832 1643 2.53984 2.79253
1910 1705 2.53984 -1.91986
2487 1710 2.53984 -2.0944
2497 1711 2.53984 -2.0944
1902 1715 2.53984 -2.44346
1212 1716 2.53984 -2.61799
1825 1717 2.53984 -0.174533
323 1719 2.53984 -1.0472
128 1720 2.53984 -1.91986
829 1727 2.53984 -2.26893
2194 1728 2.53984 1.91986
444 1733 2.53984 -0.523599
155 1737 2.53984 1.0472
1200 1737 2.53984 -2.61799
2134 1739 2.53984 -1.22173
71 1740 2.53984 -0.872665
2517 1746 2.53984 0.349066
345 1752 2.53984 1.74533
1937 1756 2.53984 1.0472
1935 1757 2.53984 1.0472
1933 1758 2.53984 1.0472
1931 1759 2.53984 1.0472
1929 1760 2.53984 1.0472
1927 1761 2.53984 1.0472
1997 1803 2.53984 -1.22173
624 1811 2.53984 -1.91986
2310 1823 2.53984 -1.0472
418 1830 2.53984 -2.61799
2398 1831 2.53984 -1.0472
1839 1832 2.53984 -1.22173
2390 1833 2.53984 -2.61799
2389 1835 2.53984 -2.61799
1892 1836 2.53984 -2.26893
2497 1836 2.53984 -0.174533
439 1837 2.53984 1.0472
2226 1837 2.53984 0.523599
437 1838 2.53984 1.0472
633 1838 2.53984 0.523599
433 1840 2.53984 1.0472
419 1841 2.53984 1.22173
431 1841 2.53984 1.0472
429 1842 2.53984 1.0472
2099 1842 2.53984 -1.22173
2090 1844 2.53984 2.61799
2270 1844 2.53984 -2.79253
34 1845 2.53984 1.39626
1798 1848 2.53984 1.91986
2107 1860 2.53984 1.22173
1212 1906 2.53984 -0.523599
833 1910 2.53984 -2.0944
242 12 3.2 -2.0944
252 15 3.2 -2.0944
808 15 3.2 -2.61799
236 24 3.2 -2.0944
1901 24 3.2 -1.91986
2102 24 3.2 -2.61799
1803 27 3.2 -0.174533
1888 29 3.2 -1.91986
1615 32 3.2 -2.0944
1793 32 3.2 -2.79253
2095 36 3.2 -3.14159
271 38 3.2 0.349066
558 39 3.2 -1.22173
448 40 3.2 -1.0472
461 47 3.2 -1.0472
1913 47 3.2 1.39626
274 50 3.2 0.349066
1895 50 3.2 1.39626
806 51 3.2 2.79253
273 52 3.2 0.349066
1587 52 3.2 2.44346
2115 53 3.2 0.698132
538 54 3.2 -2.96706
272 55 3.2 0.349066
548 56 3.2 0.872665
2306 57 3.2 1.0472
244 58 3.2 2.0944
247 60 3.2 2.0944
250 62 3.2 2.0944
452 62 3.2 1.0472
1808 62 3.2 2.26893
1600 65 3.2 2.26893
839 66 3.2 1.91986
1689 72 3.2 2.44346
1323 73 3.2 1.22173
134 125 3.2 -1.22173
1709 129 3.2 -2.44346
936 132 3.2 -1.91986
355 133 3.2 -0.872665
1334 136 3.2 -1.91986
2495 141 3.2 -1.0472
1722 145 3.2 -0.698132
624 147 3.2 -1.39626
258 151 3.2 -0.698132
2383 153 3.2 2.96706
151 158 3.2 2.61799
1715 158 3.2 1.0472
1415 160 3.2 -0.523599
2482 160 3.2 -2.61799
64 161 3.2 -1.39626
2422 162 3.2 0.698132
2514 165 3.2 0.698132
277 173 3.2 -0.698132
613 174 3.2 2.26893
1113 177 3.2 1.0472
2292 178 3.2 1.91986
1494 182 3.2 2.79253
2003 182 3.2 2.44346
1013 237 3.2 -0.872665
1208 238 3.2 -1.5708
1709 238 3.2 -2.0944
1721 240 3.2 -2.0944
1128 241 3.2 -2.44346
1736 241 3.2 -1.0472
2483 241 3.2 -1.74533
954 242 3.2 -1.39626
2465 244 3.2 2.79253
707 247 3.2 -2.0944
2086 248 3.2 -2.61799
1328 249 3.2 -2.61799
1029 251 3.2 -0.174533
1739 251 3.2 -1.0472
2208 252 3.2 -1.91986
1914 255 3.2 -1.22173
2390 256 3.2 -1.74533
2190 261 3.2 2.61799
279 265 3.2 -0.523599
924 268 3.2 -2.96706
234 269 3.2 2.26893
427 269 3.2 -2.96706
1319 270 3.2 -2.79253
2304 270 3.2 -2.26893
732 271 3.2 2.26893
2476 271 3.2 1.39626
539 274 3.2 0.698132
2198 274 3.2 0.523599
1837 275 3.2 -0.523599
1790 276 3.2 -2.61799
239 281 3.2 2.0944
1933 282 3.2 0
242 283 3.2 2.0944
256 283 3.2 2.0944
245 285 3.2 2.0944
424 286 3.2 -2.96706
1010 287 3.2 1.39626
1827 292 3.2 0.872665
2497 335 3.2 -0.872665
1805 341 3.2 -1.0472
1332 343 3.2 -0.698132
632 347 3.2 -2.79253
426 348 3.2 -2.44346
1917 348 3.2 -1.22173
826 349 3.2 -2.61799
1694 349 3.2 -2.26893
2085 349 3.2 -1.5708
1128 350 3.2 0.174533
2482 350 3.2 -2.79253
1234 351 3.2 -1.0472
1820 351 3.2 -0.698132
1420 352 3.2 -2.61799
422 353 3.2 -2.44346
369 355 3.2 -1.39626
420 356 3.2 -2.44346
428 357 3.2 -2.44346
1896 358 3.2 -3.14159
1998 358 3.2 -1.91986
2295 360 3.2 -2.0944
1251 361 3.2 -0.872665
1513 361 3.2 0.174533
2485 361 3.2 -2.79253
2514 363 3.2 0.523599
2512 366 3.2 0.523599
576 367 3.2 -0.698132
1097 367 3.2 -2.0944
438 368 3.2 1.0472
2282 368 3.2 2.44346
813 369 3.2 2.79253
1208 369 3.2 -2.26893
2510 369 3.2 0.523599
1427 370 3.2 1.39626
2499 371 3.2 0.698132
445 372 3.2 1.0472
1809 372 3.2 1.0472
1347 373 3.2 0.523599
2382 373 3.2 -2.61799
440 375 3.2 1.0472
532 375 3.2 1.74533
2381 375 3.2 -2.61799
1345 376 3.2 0.523599
1343 379 3.2 0.523599
2209 380 3.2 1.74533
1332 381 3.2 2.26893
2311 385 3.2 -0.174533
2022 387 3.2 1.0472
2299 388 3.2 1.39626
2003 390 3.2 1.0472
2014 392 3.2 1.0472
818 447 3.2 -2.96706
2110 447 3.2 -0.698132
2293 447 3.2 -3.14159
2099 450 3.2 -2.61799
1842 451 3.2 -1.0472
153 452 3.2 0
851 452 3.2 0.174533
2098 452 3.2 -2.61799
2190 452 3.2 -2.26893
426 454 3.2 -1.91986
1025 454 3.2 -1.22173
1502 455 3.2 -0.872665
2096 455 3.2 -2.61799
1804 458 3.2 -2.26893
408 461 3.2 -1.91986
629 461 3.2 2.96706
1910 463 3.2 -1.74533
2315 464 3.2 -0.872665
1602 466 3.2 2.79253
2097 466 3.2 -2.61799
2107 470 3.2 1.22173
1239 471 3.2 -2.0944
2296 471 3.2 2.96706
1312 472 3.2 -1.39626
1999 474 3.2 2.96706
154 476 3.2 2.44346
1830 478 3.2 0.523599
1216 487 3.2 2.44346
1929 488 3.2 1.22173
1241 489 3.2 0.523599
1620 489 3.2 1.5708
245 496 3.2 2.44346
2413 503 3.2 0.174533
2007 505 3.2 1.5708
247 551 3.2 -2.44346
2284 551 3.2 -1.39626
359 554 3.2 0.523599
327 559 3.2 -2.44346
1431 559 3.2 -0.698132
147 560 3.2 -2.79253
2183 562 3.2 2.96706
1685 563 3.2 -3.14159
1834 563 3.2 -0.872665
236 564 3.2 2.96706
271 566 3.2 0.698132
1128 570 3.2 -2.44346
529 574 3.2 -1.39626
1445 575 3.2 -0.698132
2096 575 3.2 2.44346
1579 576 3.2 1.91986
2491 579 3.2 2.44346
2208 580 3.2 1.0472
1313 581 3.2 1.5708
1979 581 3.2 1.91986
1907 582 3.2 0
1891 583 3.2 -2.96706
37 585 3.2 2.61799
1611 585 3.2 0.523599
1488 586 3.2 2.26893
58 587 3.2 -1.39626
1010 588 3.2 -1.5708
2005 588 3.2 1.74533
2127 588 3.2 1.39626
1042 591 3.2 0.872665
2110 591 3.2 1.39626
1435 595 3.2 0.523599
554 596 3.2 0.523599
1833 596 3.2 1.22173
2404 598 3.2 1.74533
543 600 3.2 2.61799
47 601 3.2 0.698132
1024 605 3.2 2.44346
1417 605 3.2 2.0944
446 655 3.2 -0.174533
1699 659 3.2 -2.96706
433 664 3.2 -2.26893
247 665 3.2 -1.22173
722 667 3.2 -2.61799
721 669 3.2 -2.61799
1329 671 3.2 2.44346
28 673 3.2 2.44346
622 673 3.2 2.79253
1492 678 3.2 1.39626
740 679 3.2 0.523599
1393 679 3.2 -2.44346
321 681 3.2 -1.91986
739 681 3.2 0.523599
561 685 3.2 0.698132
1991 685 3.2 1.22173
2299 685 3.2 2.79253
932 691 3.2 -3.14159
144 696 3.2 0.523599
244 705 3.2 2.61799
333 707 3.2 0.698132
1219 712 3.2 0.523599
2312 718 3.2 0.872665
2411 764 3.2 -0.349066
2479 768 3.2 -2.0944
2285 769 3.2 -2.26893
910 775 3.2 2.79253
1889 783 3.2 -2.26893
2398 783 3.2 -2.61799
1406 784 3.2 -1.74533
2297 784 3.2 0
164 785 3.2 -1.74533
330 785 3.2 -2.44346
1014 785 3.2 -2.0944
1056 785 3.2 0.349066
2485 786 3.2 2.79253
1055 788 3.2 0.349066
235 789 3.2 1.74533
268 794 3.2 -0.349066
804 794 3.2 2.79253
1044 796 3.2 1.39626
183 799 3.2 -0.872665
339 799 3.2 2.44346
1022 800 3.2 1.39626
133 807 3.2 -2.96706
1895 809 3.2 -0.174533
435 820 3.2 1.39626
1309 861 3.2 -0.698132
1206 862 3.2 -1.22173
2010 862 3.2 -1.91986
1995 868 3.2 2.61799
343 884 3.2 -2.61799
1430 884 3.2 1.39626
231 885 3.2 -1.0472
2005 888 3.2 2.61799
2099 894 3.2 -1.0472
39 897 3.2 0.698132
1734 899 3.2 -1.22173
2196 900 3.2 -2.44346
1615 901 3.2 -1.39626
2025 901 3.2 2.0944
726 902 3.2 0.698132
2386 902 3.2 1.5708
233 914 3.2 1.5708
838 915 3.2 2.44346
1208 916 3.2 1.22173
1613 916 3.2 1.22173
249 921 3.2 1.5708
1592 922 3.2 -3.14159
743 965 3.2 -0.872665
1901 965 3.2 -2.61799
2195 975 3.2 -1.0472
2484 976 3.2 -1.5708
2502 977 3.2 -1.5708
759 980 3.2 0.698132
2183 983 3.2 -2.79253
2473 983 3.2 -2.79253
2125 984 3.2 0.872665
896 985 3.2 -3.14159
1121 985 3.2 1.74533
1889 985 3.2 1.74533
2218 987 3.2 -1.0472
446 988 3.2 -2.96706
2097 988 3.2 -1.74533
2180 990 3.2 -2.79253
2510 990 3.2 -0.523599
1299 992 3.2 -2.0944
825 995 3.2 -1.22173
2476 995 3.2 -2.79253
731 997 3.2 -2.79253
2184 999 3.2 -2.79253
2514 1002 3.2 0.349066
2513 1005 3.2 0.349066
114 1007 3.2 -2.96706
909 1007 3.2 1.91986
1396 1008 3.2 2.96706
813 1009 3.2 2.0944
2278 1010 3.2 1.74533
2015 1011 3.2 -0.698132
1967 1012 3.2 2.0944
245 1013 3.2 0.174533
453 1013 3.2 0.698132
2298 1014 3.2 1.74533
442 1016 3.2 0.698132
118 1018 3.2 2.0944
123 1021 3.2 2.0944
1423 1021 3.2 0.523599
362 1024 3.2 2.26893
2010 1029 3.2 0.349066
1125 1069 3.2 -2.44346
630 1075 3.2 -1.74533
901 1075 3.2 -1.5708
946 1075 3.2 0.872665
2189 1076 3.2 -1.0472
339 1079 3.2 -1.91986
830 1079 3.2 -1.74533
1897 1079 3.2 -2.61799
2409 1079 3.2 -1.74533
2202 1083 3.2 0.174533
2388 1085 3.2 2.96706
1985 1086 3.2 -1.0472
813 1087 3.2 2.96706
2304 1087 3.2 -2.26893
603 1088 3.2 -2.44346
2291 1089 3.2 -2.26893
2426 1091 3.2 -0.872665
2183 1093 3.2 -2.79253
1971 1094 3.2 -2.0944
1249 1095 3.2 0
1888 1095 3.2 -2.61799
2285 1095 3.2 -2.26893
346 1098 3.2 1.0472
913 1100 3.2 2.61799
1055 1100 3.2 -1.5708
454 1101 3.2 0.523599
850 1101 3.2 0.698132
224 1103 3.2 -2.44346
1022 1103 3.2 2.26893
726 1105 3.2 -2.96706
617 1106 3.2 2.44346
2284 1107 3.2 -2.44346
256 1108 3.2 0.349066
2393 1108 3.2 2.26893
628 1111 3.2 1.91986
1302 1117 3.2 1.91986
1705 1118 3.2 -2.79253
1044 1120 3.2 0.523599
830 1125 3.2 2.44346
829 1175 3.2 -1.91986
2009 1180 3.2 -2.96706
1703 1181 3.2 -0.698132
1688 1182 3.2 -2.96706
909 1183 3.2 -1.74533
533 1185 3.2 -2.26893
843 1191 3.2 0
523 1193 3.2 -2.26893
353 1196 3.2 -0.349066
943 1196 3.2 0.523599
1034 1196 3.2 0.872665
1221 1197 3.2 -1.22173
1638 1200 3.2 0.174533
35 1201 3.2 -2.61799
436 1202 3.2 -1.91986
1511 1202 3.2 -2.26893
1329 1204 3.2 -0.523599
1201 1206 3.2 2.61799
2215 1206 3.2 0.174533
640 1207 3.2 2.26893
1013 1210 3.2 1.0472
544 1213 3.2 -0.349066
467 1214 3.2 -0.174533
2418 1214 3.2 0.349066
1894 1215 3.2 -1.91986
2269 1217 3.2 2.0944
1210 1220 3.2 1.39626
1632 1221 3.2 1.22173
1537 1222 3.2 1.39626
48 1223 3.2 1.0472
357 1224 3.2 0
2313 1224 3.2 1.22173
451 1225 3.2 1.0472
463 1226 3.2 1.0472
1140 1226 3.2 0
1111 1228 3.2 2.0944
2295 1231 3.2 1.22173
1890 1234 3.2 -2.96706
2410 1235 3.2 0.349066
1133 1239 3.2 0.523599
2004 1282 3.2 0.174533
1989 1286 3.2 -1.91986
338 1288 3.2 -1.0472
1017 1288 3.2 -0.698132
2493 1296 3.2 -0.698132
355 1298 3.2 0.174533
546 1299 3.2 -0.523599
737 1299 3.2 -2.44346
2481 1300 3.2 -2.61799
2480 1302 3.2 -2.61799
1630 1304 3.2 -1.91986
2128 1304 3.2 0.174533
1421 1308 3.2 -3.14159
1694 1308 3.2 -2.0944
856 1309 3.2 -1.74533
1318 1310 3.2 -2.0944
1689 1311 3.2 -2.0944
1814 1311 3.2 -0.698132
1918 1314 3.2 -0.523599
1981 1314 3.2 2.26893
2393 1314 3.2 1.0472
838 1315 3.2 -1.91986
349 1316 3.2 1.22173
1329 1316 3.2 -1.0472
2478 1316 3.2 -2.44346
1305 1318 3.2 2.96706
764 1320 3.2 -0.872665
1687 1321 3.2 -2.0944
2123 1327 3.2 0.174533
264 1332 3.2 -0.872665
1691 1333 3.2 2.0944
619 1334 3.2 1.0472
1903 1334 3.2 0.698132
1694 1335 3.2 2.0944
1707 1335 3.2 2.0944
1697 1337 3.2 2.0944
1420 1341 3.2 -3.14159
1807 1346 3.2 1.22173
2306 1389 3.2 2.96706
41 1394 3.2 -1.0472
326 1402 3.2 2.61799
1978 1407 3.2 2.96706
2012 1408 3.2 0.174533
1111 1409 3.2 -1.74533
2311 1409 3.2 0.698132
224 1410 3.2 -2.26893
350 1410 3.2 -1.22173
1016 1410 3.2 -2.61799
1828 1416 3.2 -0.349066
2090 1416 3.2 2.61799
2479 1417 3.2 2.26893
2498 1417 3.2 -1.5708
642 1420 3.2 -0.698132
2222 1422 3.2 -1.0472
60 1423 3.2 -0.174533
1018 1423 3.2 2.44346
1417 1424 3.2 0.349066
515 1427 3.2 2.26893
1983 1427 3.2 1.5708
2007 1427 3.2 1.5708
345 1428 3.2 0.349066
44 1432 3.2 2.0944
2101 1435 3.2 2.61799
1915 1436 3.2 1.5708
844 1486 3.2 -1.22173
1537 1487 3.2 -1.91986
855 1491 3.2 -0.349066
827 1495 3.2 -2.96706
1023 1495 3.2 -2.0944
2096 1497 3.2 -2.61799
1039 1500 3.2 0.174533
2084 1503 3.2 -2.61799
2083 1505 3.2 -2.61799
2282 1508 3.2 -1.74533
1001 1509 3.2 2.79253
2089 1510 3.2 -2.61799
417 1511 3.2 2.96706
1716 1513 3.2 -1.91986
940 1514 3.2 -0.872665
1812 1515 3.2 -2.0944
1919 1516 3.2 -1.22173
1809 1517 3.2 -2.0944
662 1518 3.2 -1.0472
1806 1519 3.2 -2.0944
2012 1519 3.2 -1.22173
1814 1522 3.2 -2.0944
1247 1523 3.2 1.5708
129 1524 3.2 -2.26893
1798 1524 3.2 -2.0944
1811 1524 3.2 -2.0944
1514 1525 3.2 1.91986
1008 1526 3.2 1.39626
1688 1527 3.2 -2.26893
666 1530 3.2 0.872665
1590 1536 3.2 -2.26893
1794 1536 3.2 2.44346
423 1537 3.2 2.0944
2109 1537 3.2 1.91986
549 1540 3.2 1.74533
1697 1545 3.2 2.61799
440 1546 3.2 2.0944
1720 1547 3.2 1.5708
1805 1548 3.2 1.22173
1416 1592 3.2 -1.0472
742 1597 3.2 -2.61799
1384 1601 3.2 -2.0944
1718 1604 3.2 -1.39626
1510 1612 3.2 -1.91986
1611 1612 3.2 0.349066
334 1613 3.2 -2.79253
1205 1614 3.2 -1.5708
1596 1614 3.2 -2.26893
1497 1617 3.2 -1.91986
51 1618 3.2 -2.96706
757 1618 3.2 0.174533
1322 1619 3.2 -2.0944
2109 1620 3.2 -1.5708
1317 1622 3.2 -2.0944
1615 1622 3.2 0.349066
1228 1626 3.2 -1.0472
1592 1626 3.2 -2.26893
1309 1627 3.2 -2.0944
731 1628 3.2 -2.96706
1490 1628 3.2 -2.61799
540 1630 3.2 -2.96706
2080 1630 3.2 2.61799
1200 1632 3.2 2.44346
1732 1632 3.2 0.349066
1889 1634 3.2 -2.79253
2408 1636 3.2 0.523599
453 1637 3.2 -0.349066
1720 1639 3.2 2.44346
343 1641 3.2 1.39626
46 1642 3.2 -2.96706
64 1642 3.2 1.5708
1337 1643 3.2 0.523599
2384 1643 3.2 -2.79253
2090 1644 3.2 2.44346
537 1646 3.2 -2.96706
247 1647 3.2 -2.96706
1334 1647 3.2 0.698132
2408 1649 3.2 0.523599
1304 1652 3.2 1.39626
2115 1654 3.2 1.91986
2395 1656 3.2 2.44346
638 1657 3.2 2.0944
1507 1659 3.2 2.61799
162 1709 3.2 0
1917 1710 3.2 -1.91986
2208 1710 3.2 -2.44346
1986 1711 3.2 -1.74533
2008 1713 3.2 -0.349066
1806 1714 3.2 -2.96706
1212 1718 3.2 -2.61799
1202 1721 3.2 -2.61799
2289 1721 3.2 -1.0472
2276 1722 3.2 -2.61799
2479 1722 3.2 2.79253
2526 1723 3.2 -0.698132
417 1724 3.2 -1.91986
1199 1726 3.2 -2.61799
2121 1727 3.2 -1.22173
2014 1729 3.2 -0.349066
2110 1729 3.2 -1.0472
1827 1732 3.2 0.698132
347 1735 3.2 0.174533
1803 1735 3.2 2.44346
1202 1736 3.2 -2.61799
1217 1739 3.2 1.74533
2527 1740 3.2 0.349066
2487 1743 3.2 2.79253
314 1744 3.2 -2.79253
1825 1745 3.2 0.872665
441 1747 3.2 1.22173
1938 1748 3.2 1.0472
2405 1753 3.2 1.74533
2092 1754 3.2 1.91986
2297 1754 3.2 1.74533
1918 1758 3.2 1.5708
2125 1761 3.2 0.349066
1988 1806 3.2 -1.22173
1534 1817 3.2 -1.39626
30 1821 3.2 2.96706
1984 1821 3.2 -2.96706
2012 1821 3.2 0.174533
617 1822 3.2 2.61799
1909 1824 3.2 -2.26893
1018 1825 3.2 -0.698132
1811 1825 3.2 -2.61799
2300 1825 3.2 -1.0472
136 1826 3.2 -1.5708
440 1829 3.2 1.0472
2277 1829 3.2 -2.79253
2207 1830 3.2 2.26893
637 1832 3.2 0.523599
1006 1833 3.2 -2.79253
626 1836 3.2 0.523599
1027 1838 3.2 0.698132
1394 1838 3.2 -2.44346
421 1839 3.2 1.22173
53 1840 3.2 -0.349066
435 1840 3.2 1.0472
1003 1840 3.2 -2.79253
2007 1840 3.2 1.22173
1683 1842 3.2 -2.96706
2326 1843 3.2 0.872665
1714 1844 3.2 0.349066
2483 1844 3.2 1.0472
1321 1846 3.2 0.523599
1422 1851 3.2 0
1225 1854 3.2 1.74533
2322 1856 3.2 0.872665
830 1858 3.2 -3.14159
1212 1908 3.2 -0.523599
1326 146 2.01587 1.91986
1626 1314 2.01587 1.74533
238 10 2.53984 -2.0944
46 90 2.53984 1.74533
2512 334 2.53984 -0.872665
2516 366 2.53984 0.523599
2494 562 2.53984 -2.26893
2096 592 2.53984 2.44346
2490 594 2.53984 2.44346
150 890 2.53984 -0.174533
2212 972 2.53984 -1.0472
2180 982 2.53984 -2.79253
2286 1022 2.53984 1.74533
2222 1316 2.53984 -0.698132
1322 1428 2.53984 2.0944
1594 1520 2.53984 -2.26893
1596 1610 2.53984 -2.26893
1828 1746 2.53984 0.698132
1612 1816 2.53984 -0.698132
2414 1830 2.53984 -1.0472
1024 1856 2.53984 0.872665
2402 1860 2.53984 1.74533
272 20 3.2 -0.698132
2408 44 3.2 1.0472
2314 46 3.2 -2.79253
278 54 3.2 0.349066
242 62 3.2 2.0944
2112 228 3.2 -1.22173
260 236 3.2 -1.39626
228 252 3.2 -2.61799
1840 256 3.2 -0.523599
144 258 3.2 -2.26893
1786 258 3.2 -2.61799
430 278 3.2 -2.96706
274 284 3.2 0.872665
238 286 3.2 2.0944
1832 294 3.2 0.872665
1812 304 3.2 1.39626
746 340 3.2 -1.39626
1312 340 3.2 -2.0944
2480 344 3.2 -2.79253
420 348 3.2 -2.44346
2030 356 3.2 -0.698132
634 358 3.2 -0.349066
444 378 3.2 1.0472
1310 378 3.2 2.26893
1350 378 3.2 0.523599
2390 382 3.2 0
2022 392 3.2 1.0472
2110 456 3.2 1.0472
726 474 3.2 2.79253
918 562 3.2 1.5708
148 570 3.2 -2.79253
598 576 3.2 -2.96706
740 578 3.2 -0.698132
2520 580 3.2 0.174533
1210 586 3.2 -1.22173
2394 592 3.2 1.74533
634 594 3.2 1.0472
644 652 3.2 -1.22173
64 654 3.2 -1.0472
442 662 3.2 1.91986
1208 676 3.2 -2.26893
1342 678 3.2 -1.39626
32 696 3.2 2.44346
1238 702 3.2 0.523599
1826 704 3.2 -0.523599
128 712 3.2 -2.26893
1024 766 3.2 -2.0944
2408 774 3.2 -2.61799
52 778 3.2 -1.91986
1060 788 3.2 0.349066
1228 802 3.2 -2.26893
1036 810 3.2 1.39626
68 818 3.2 1.0472
824 862 3.2 -1.39626
342 896 3.2 -0.349066
2396 898 3.2 -2.26893
1722 900 3.2 1.22173
1138 982 3.2 1.74533
2292 984 3.2 -1.39626
1014 998 3.2 0.174533
448 1000 3.2 -2.96706
2206 1004 3.2 1.22173
1528 1008 3.2 1.74533
862 1090 3.2 -0.174533
1896 1090 3.2 -2.79253
1502 1094 3.2 -1.74533
222 1098 3.2 -2.44346
2298 1098 3.2 -2.26893
2498 1110 3.2 1.39626
1970 1112 3.2 2.44346
850 1120 3.2 0.698132
1506 1138 3.2 1.39626
446 1186 3.2 -1.91986
796 1198 3.2 -2.96706
434 1222 3.2 2.61799
1096 1222 3.2 2.79253
1116 1244 3.2 2.0944
850 1314 3.2 -1.74533
254 1326 3.2 1.91986
1714 1398 3.2 2.44346
2312 1398 3.2 2.96706
2490 1420 3.2 -1.5708
1092 1434 3.2 2.44346
662 1512 3.2 -1.0472
1802 1516 3.2 -2.0944
1842 1516 3.2 -0.872665
2002 1516 3.2 -1.22173
450 1518 3.2 -0.523599
746 1518 3.2 -1.5708
1628 1530 3.2 -0.349066
1610 1560 3.2 1.39626
1602 1624 3.2 -2.26893
444 1630 3.2 -0.523599
2478 1636 3.2 1.5708
140 1704 3.2 -1.91986
1792 1724 3.2 -2.96706
1306 1738 3.2 -1.5708
940 1740 3.2 2.44346
156 1742 3.2 1.0472
2288 1814 3.2 -1.74533
2316 1820 3.2 -1.0472
430 1830 3.2 1.0472
1000 1834 3.2 -2.79253
2216 1834 3.2 2.26893
2100 1852 3.2 -1.22173
1394 1858 3.2 2.44346
2322 1862 3.2 0.872665
2294 1868 3.2 1.74533
1512 1636 2.01587 2.79253
1900 36 2.53984 -0.872665
648 40 2.53984 0.174533
544 44 2.53984 -3.14159
2316 44 2.53984 0
936 48 2.53984 -0.872665
1800 48 2.53984 -2.96706
1600 52 2.53984 0.349066
1996 56 2.53984 1.5708
1016 60 2.53984 -1.39626
736 64 2.53984 1.74533
1324 64 2.53984 -1.5708
1508 64 2.53984 -0.174533
44 68 2.53984 -1.39626
148 140 2.53984 2.61799
1328 144 2.53984 -1.74533
1708 144 2.53984 -2.61799
352 148 2.53984 1.74533
56 164 2.53984 -1.22173
1028 164 2.53984 -3.14159
1120 164 2.53984 1.22173
1896 164 2.53984 -0.698132
1500 172 2.53984 0
2000 172 2.53984 2.96706
1204 244 2.53984 -1.5708
1520 248 2.53984 -1.39626
724 252 2.53984 0
1720 252 2.53984 1.5708
1124 260 2.53984 0.174533
1328 260 2.53984 1.5708
2200 260 2.53984 0.349066
2404 264 2.53984 2.0944
528 272 2.53984 2.96706
1412 276 2.53984 0
2316 276 2.53984 0
1624 360 2.53984 2.79253
352 364 2.53984 -1.74533
1420 364 2.53984 0
1504 364 2.53984 -2.96706
824 368 2.53984 0.174533
1116 368 2.53984 1.5708
44 372 2.53984 -1.39626
152 380 2.53984 -1.5708
2108 456 2.53984 -2.79253
1116 460 2.53984 1.39626
2200 460 2.53984 1.22173
2300 460 2.53984 -3.14159
148 464 2.53984 0
544 468 2.53984 1.22173
240 484 2.53984 -1.22173
1232 488 2.53984 0.174533
448 568 2.53984 0
836 568 2.53984 1.39626
1316 568 2.53984 -3.14159
1900 572 2.53984 -0.174533
1136 576 2.53984 -3.14159
1992 576 2.53984 -1.0472
2196 576 2.53984 2.96706
2500 580 2.53984 0.174533
540 584 2.53984 2.79253
2112 584 2.53984 1.5708
48 592 2.53984 1.5708
1024 596 2.53984 -1.39626
1504 668 2.53984 -1.5708
1708 668 2.53984 0.174533
732 672 2.53984 0.174533
1108 676 2.53984 1.74533
1340 676 2.53984 -1.39626
2000 676 2.53984 1.22173
1020 684 2.53984 -1.5708
940 692 2.53984 -3.14159
1404 692 2.53984 1.74533
1896 692 2.53984 -0.349066
2112 692 2.53984 2.26893
1824 700 2.53984 -0.523599
128 712 2.53984 -2.26893
2492 772 2.53984 -1.5708
924 776 2.53984 2.79253
2408 776 2.53984 0.872665
2188 784 2.53984 -0.872665
1888 796 2.53984 0
1508 800 2.53984 -1.5708
524 804 2.53984 1.22173
2012 804 2.53984 -2.26893
1308 880 2.53984 -3.14159
1420 880 2.53984 1.5708
2508 892 2.53984 0
720 896 2.53984 1.0472
1800 896 2.53984 0
2208 896 2.53984 -2.96706
2108 904 2.53984 1.74533
1604 908 2.53984 0
1904 980 2.53984 1.39626
1136 984 2.53984 1.74533
2112 988 2.53984 -1.5708
2200 988 2.53984 1.39626
2412 992 2.53984 -1.5708
44 996 2.53984 2.26893
520 996 2.53984 -3.14159
1312 996 2.53984 0.349066
240 1000 2.53984 0.174533
448 1000 2.53984 -2.96706
644 1000 2.53984 -0.174533
2288 1004 2.53984 1.5708
356 1008 2.53984 0
828 1008 2.53984 -1.5708
452 1088 2.53984 -3.14159
540 1088 2.53984 1.39626
1124 1088 2.53984 -0.174533
2100 1088 2.53984 -3.14159
2192 1088 2.53984 -3.14159
736 1092 2.53984 -2.96706
140 1100 2.53984 1.74533
1988 1100 2.53984 2.44346
2296 1100 2.53984 -2.44346
1040 1108 2.53984 -1.5708
1320 1112 2.53984 -1.5708
2496 1112 2.53984 -1.74533
1800 1116 2.53984 0.698132
1700 1192 2.53984 -0.698132
1020 1200 2.53984 -2.79253
2492 1200 2.53984 -1.39626
1212 1204 2.53984 2.96706
1412 1208 2.53984 1.5708
2200 1216 2.53984 -1.74533
1904 1220 2.53984 -1.74533
536 1300 2.53984 2.26893
1128 1300 2.53984 -0.174533
36 1304 2.53984 1.5708
1016 1304 2.53984 1.39626
1236 1304 2.53984 1.5708
2396 1304 2.53984 -1.74533
1628 1312 2.53984 1.74533
436 1316 2.53984 -1.74533
932 1320 2.53984 -2.26893
1316 1324 2.53984 0
1424 1324 2.53984 -3.14159
1700 1324 2.53984 1.91986
2208 1324 2.53984 2.96706
444 1400 2.53984 -3.14159
844 1404 2.53984 -1.74533
1416 1404 2.53984 0.349066
1820 1404 2.53984 -0.698132
340 1412 2.53984 2.61799
736 1416 2.53984 2.44346
2104 1420 2.53984 2.44346
228 1424 2.53984 -2.96706
1908 1424 2.53984 -0.174533
2208 1424 2.53984 -1.5708
1516 1428 2.53984 0
2380 1428 2.53984 -1.39626
2296 1512 2.53984 1.74533
1920 1524 2.53984 1.5708
2404 1528 2.53984 -0.174533
544 1532 2.53984 -1.5708
1800 1612 2.53984 -2.0944
140 1616 2.53984 -2.96706
920 1620 2.53984 1.74533
2212 1620 2.53984 -3.14159
1204 1624 2.53984 1.74533
1604 1624 2.53984 0.698132
56 1632 2.53984 -0.349066
552 1632 2.53984 -2.0944
840 1636 2.53984 -1.39626
1900 1636 2.53984 0
2396 1636 2.53984 -2.96706
256 1640 2.53984 1.22173
1628 1716 2.53984 -1.74533
1212 1732 2.53984 -0.174533
56 1736 2.53984 -1.39626
936 1736 2.53984 2.44346
1420 1744 2.53984 2.96706
2400 1744 2.53984 1.74533
628 1824 2.53984 -3.14159
1524 1824 2.53984 2.96706
1128 1828 2.53984 1.74533
1316 1828 2.53984 -1.74533
1600 1828 2.53984 -0.174533
2488 1828 2.53984 2.96706
40 1832 2.53984 -0.523599
144 1832 2.53984 -0.698132
1016 1840 2.53984 -2.96706
2404 1844 2.53984 1.74533
1232 1848 2.53984 2.26893
552 1852 2.53984 1.91986
252 36 3.2 -3.14159
2108 40 3.2 -2.96706
1696 52 3.2 -3.14159
444 56 3.2 1.39626
932 144 3.2 1.39626
2288 160 3.2 -1.5708
2500 160 3.2 0.349066
632 168 3.2 1.5708
2400 168 3.2 1.5708
256 172 3.2 -2.44346
1408 172 3.2 -0.698132
936 256 3.2 -3.14159
2484 256 3.2 -1.39626
256 264 3.2 -1.5708
2500 352 3.2 -2.96706
436 360 3.2 1.0472
1328 360 3.2 1.5708
1808 360 3.2 1.5708
1912 360 3.2 -1.0472
552 364 3.2 -2.0944
744 364 3.2 1.74533
1704 364 3.2 -1.39626
2108 364 3.2 0
2208 368 3.2 1.39626
2012 372 3.2 0.698132
2300 372 3.2 -0.174533
836 460 3.2 1.91986
428 468 3.2 -1.39626
1016 468 3.2 -3.14159
640 476 3.2 -0.174533
1620 476 3.2 -1.5708
1904 480 3.2 1.74533
2012 484 3.2 0.174533
1312 488 3.2 0.872665
2404 488 3.2 2.96706
340 560 3.2 0.349066
252 568 3.2 1.5708
2288 568 3.2 0.349066
1600 572 3.2 -1.39626
1704 572 3.2 -1.5708
624 576 3.2 0.872665
1500 580 3.2 -0.349066
1424 584 3.2 -3.14159
1824 584 3.2 0.698132
636 676 3.2 -0.872665
252 684 3.2 0.872665
540 688 3.2 -1.39626
1220 696 3.2 0.349066
2312 696 3.2 2.79253
252 780 3.2 0
1036 784 3.2 -1.91986
2284 788 3.2 -3.14159
820 792 3.2 0.174533
1424 792 3.2 2.0944
724 796 3.2 1.5708
56 800 3.2 1.22173
40 880 3.2 -2.79253
2012 880 3.2 -0.523599
524 888 3.2 0.872665
828 888 3.2 2.44346
932 888 3.2 0.349066
240 900 3.2 -0.872665
744 984 3.2 -2.61799
2492 992 3.2 2.26893
132 1000 3.2 0
1412 1008 3.2 -1.5708
920 1084 3.2 -1.5708
336 1092 3.2 -1.74533
1404 1100 3.2 -0.349066
240 1112 3.2 0.698132
1716 1112 3.2 0
1508 1116 3.2 1.39626
644 1196 3.2 -1.22173
928 1196 3.2 -0.698132
2016 1200 3.2 -2.96706
532 1204 3.2 0
344 1208 3.2 2.26893
452 1208 3.2 -3.14159
40 1216 3.2 0.872665
1124 1216 3.2 -0.174533
1524 1216 3.2 1.39626
2296 1216 3.2 1.74533
2404 1220 3.2 -2.44346
336 1304 3.2 -3.14159
1992 1304 3.2 0.349066
2116 1316 3.2 0
2496 1316 3.2 -0.174533
632 1320 3.2 0.872665
1804 1328 3.2 1.5708
40 1412 3.2 1.74533
1996 1412 3.2 -0.872665
536 1416 3.2 0.872665
1032 1420 3.2 0
628 1424 3.2 2.96706
1112 1424 3.2 -0.698132
1232 1508 3.2 -3.14159
1020 1512 3.2 1.5708
1524 1512 3.2 -2.44346
2212 1516 3.2 2.96706
2100 1520 3.2 -2.96706
148 1524 3.2 1.5708
236 1528 3.2 -1.74533
432 1528 3.2 2.96706
644 1528 3.2 1.74533
1712 1532 3.2 1.39626
1820 1532 3.2 1.22173
1604 1536 3.2 -2.26893
744 1620 3.2 -3.14159
1720 1620 3.2 2.96706
344 1624 3.2 -2.96706
1320 1640 3.2 0.872665
640 1644 3.2 1.0472
2212 1720 3.2 -2.26893
148 1724 3.2 -1.5708
844 1724 3.2 0.698132
1816 1728 3.2 0.523599
2000 1728 3.2 2.96706
332 1736 3.2 -1.39626
428 1736 3.2 -3.14159
2288 1736 3.2 1.5708
1996 1828 3.2 2.96706
844 1840 3.2 -1.5708
1408 1840 3.2 2.44346
1696 1840 3.2 -0.698132
1816 1840 3.2 -3.14159
1904 1844 3.2 0.174533
1232 376 2.53984 2.26893
2408 1104 2.53984 -0.872665
824 1208 2.53984 -0.174533
840 1512 2.53984 0.174533
1512 1632 2.53984 0.698132
KEYPOINTS_B 1420
2447 11 2.53984 -0.349066
1543 19 2.53984 -2.44346
1544 27 2.53984 2.79253
183 30 2.53984 -2.26893
750 30 2.53984 2.26893
2356 33 2.53984 -0.349066
211 42 2.53984 0.174533
1550 42 2.53984 1.0472
495 68 2.53984 1.5708
1273 68 2.53984 1.0472
1174 132 2.53984 -2.61799
82 134 2.53984 -2.61799
81 136 2.53984 -2.61799
2039 137 2.53984 -1.91986
2352 138 2.53984 -1.0472
2513 141 2.53984 -2.61799
2059 142 2.53984 0.523599
2512 143 2.53984 -2.61799
77 144 2.53984 -2.61799
2511 145 2.53984 -2.61799
76 146 2.53984 -2.61799
2353 146 2.53984 0.698132
2436 147 2.53984 -2.79253
2056 148 2.53984 0.349066
2269 149 2.53984 0.872665
955 151 2.53984 1.74533
2052 157 2.53984 0.523599
2051 159 2.53984 0.523599
1729 167 2.53984 2.0944
1167 226 2.53984 -2.0944
2333 226 2.53984 -2.79253
407 232 2.53984 -1.91986
1156 232 2.53984 -2.0944
1150 235 2.53984 -2.0944
1266 235 2.53984 -2.61799
2335 235 2.53984 -2.79253
2328 237 2.53984 -2.79253
2548 241 2.53984 -0.872665
264 245 2.53984 -2.44346
1481 245 2.53984 -0.872665
1253 246 2.53984 -2.61799
186 247 2.53984 -2.26893
2457 249 2.53984 1.5708
487 250 2.53984 -0.349066
1787 250 2.53984 -0.872665
1635 251 2.53984 -2.61799
1875 260 2.53984 1.0472
197 261 2.53984 1.74533
2038 262 2.53984 2.96706
1944 263 2.53984 2.61799
2226 263 2.53984 -2.61799
665 271 2.53984 2.79253
1948 332 2.53984 -2.61799
856 333 2.53984 -2.96706
1940 344 2.53984 -2.61799
1871 351 2.53984 -1.74533
876 354 2.53984 -0.174533
2455 354 2.53984 0.872665
674 360 2.53984 2.0944
485 383 2.53984 2.79253
1159 434 2.53984 -0.872665
2533 437 2.53984 -1.22173
984 444 2.53984 -0.698132
1148 445 2.53984 -2.79253
459 449 2.53984 -2.96706
1664 453 2.53984 -2.44346
1147 460 2.53984 2.0944
1851 460 2.53984 -1.22173
1058 463 2.53984 -1.22173
1050 466 2.53984 2.79253
2522 466 2.53984 2.0944
2539 466 2.53984 1.0472
488 469 2.53984 1.0472
470 472 2.53984 1.0472
480 473 2.53984 1.0472
2050 475 2.53984 1.0472
2034 477 2.53984 2.96706
2231 478 2.53984 1.91986
469 479 2.53984 1.0472
1344 479 2.53984 2.0944
467 480 2.53984 1.0472
465 481 2.53984 1.0472
463 482 2.53984 1.0472
2352 482 2.53984 0.174533
2252 484 2.53984 -0.698132
389 487 2.53984 2.61799
1363 487 2.53984 -0.174533
878 492 2.53984 0.872665
1171 554 2.53984 2.44346
499 555 2.53984 -1.0472
296 556 2.53984 -0.174533
848 559 2.53984 2.79253
588 560 2.53984 0.523599
1197 560 2.53984 0.523599
1251 562 2.53984 -2.26893
409 569 2.53984 -1.22173
582 569 2.53984 0.523599
1083 576 2.53984 0.523599
1237 576 2.53984 2.26893
880 577 2.53984 0.523599
1076 577 2.53984 0.523599
477 578 2.53984 2.61799
1079 584 2.53984 0.349066
1072 586 2.53984 0.349066
1075 593 2.53984 0.523599
2534 594 2.53984 2.0944
1074 595 2.53984 0.523599
199 645 2.53984 -2.26893
877 653 2.53984 -2.0944
2522 656 2.53984 -2.44346
869 657 2.53984 -2.0944
876 660 2.53984 -2.0944
2350 663 2.53984 0
682 667 2.53984 -0.872665
902 667 2.53984 0.349066
899 676 2.53984 0.349066
1088 680 2.53984 0.349066
1848 683 2.53984 -2.0944
31 684 2.53984 -0.872665
205 696 2.53984 0.523599
300 703 2.53984 1.39626
680 761 2.53984 -0.349066
189 767 2.53984 -2.61799
2055 770 2.53984 -0.698132
560 772 2.53984 -2.0944
2247 773 2.53984 -0.174533
2340 778 2.53984 2.0944
97 780 2.53984 -0.349066
582 784 2.53984 0.523599
1582 784 2.53984 -1.22173
1563 792 2.53984 1.22173
564 798 2.53984 1.22173
103 801 2.53984 1.74533
2539 857 2.53984 -2.0944
989 859 2.53984 -1.91986
772 861 2.53984 -0.872665
2533 861 2.53984 -2.0944
1148 868 2.53984 -2.0944
2269 870 2.53984 0
852 874 2.53984 -2.61799
205 875 2.53984 -2.61799
498 878 2.53984 -0.349066
2360 884 2.53984 0.349066
2269 887 2.53984 0
2531 888 2.53984 2.96706
868 892 2.53984 0.523599
301 894 2.53984 0.698132
92 900 2.53984 2.26893
1240 960 2.53984 -2.44346
665 962 2.53984 -1.91986
1063 969 2.53984 -2.79253
1821 969 2.53984 -2.0944
2542 970 2.53984 -1.0472
1065 978 2.53984 -2.79253
1558 980 2.53984 -2.79253
1235 983 2.53984 2.44346
1368 986 2.53984 -0.174533
1647 986 2.53984 -0.523599
759 987 2.53984 2.61799
1061 987 2.53984 -2.79253
1830 996 2.53984 1.91986
900 1001 2.53984 0.523599
1146 1002 2.53984 1.91986
2421 1020 2.53984 1.22173
1566 1024 2.53984 2.44346
665 1057 2.53984 -1.91986
1870 1065 2.53984 -1.22173
1872 1072 2.53984 -1.22173
1883 1077 2.53984 0.698132
309 1078 2.53984 -1.74533
1530 1081 2.53984 -2.96706
2152 1082 2.53984 -0.349066
2531 1088 2.53984 -1.91986
279 1095 2.53984 2.61799
2240 1095 2.53984 -2.0944
312 1108 2.53984 1.0472
2130 1111 2.53984 2.0944
306 1112 2.53984 1.0472
2122 1113 2.53984 2.0944
966 1119 2.53984 1.91986
989 1120 2.53984 0.523599
959 1122 2.53984 2.0944
988 1122 2.53984 0.523599
968 1126 2.53984 1.91986
972 1128 2.53984 2.0944
862 1171 2.53984 -2.61799
965 1176 2.53984 -2.0944
2230 1186 2.53984 -1.91986
1550 1195 2.53984 -0.174533
1645 1195 2.53984 -1.91986
2353 1196 2.53984 -0.698132
681 1199 2.53984 -1.91986
2551 1202 2.53984 0.523599
853 1203 2.53984 1.0472
2550 1204 2.53984 0.523599
2044 1205 2.53984 -2.44346
2549 1206 2.53984 0.523599
979 1208 2.53984 0.174533
1624 1211 2.53984 2.44346
2544 1215 2.53984 0.523599
762 1217 2.53984 -2.61799
785 1217 2.53984 1.39626
1734 1219 2.53984 2.44346
2542 1219 2.53984 0.523599
2335 1222 2.53984 2.61799
2534 1222 2.53984 0.523599
1546 1223 2.53984 2.0944
1248 1275 2.53984 2.79253
375 1282 2.53984 -2.61799
2166 1282 2.53984 0.523599
2420 1282 2.53984 -2.61799
868 1285 2.53984 -2.61799
867 1287 2.53984 -2.61799
866 1289 2.53984 -2.61799
588 1290 2.53984 -0.174533
1562 1293 2.53984 2.44346
80 1295 2.53984 -0.349066
2156 1296 2.53984 0.698132
862 1297 2.53984 -2.61799
937 1298 2.53984 2.61799
861 1299 2.53984 -2.61799
1662 1301 2.53984 2.79253
2322 1301 2.53984 2.26893
592 1308 2.53984 -0.174533
63 1309 2.53984 -2.26893
2436 1310 2.53984 2.44346
191 1315 2.53984 0.349066
1175 1320 2.53984 2.0944
378 1326 2.53984 0.698132
1369 1377 2.53984 -2.0944
1933 1384 2.53984 -2.61799
1932 1386 2.53984 -2.61799
1351 1392 2.53984 2.79253
1929 1392 2.53984 -2.61799
2126 1393 2.53984 -1.74533
1662 1398 2.53984 -2.0944
1926 1398 2.53984 -2.61799
788 1399 2.53984 -0.872665
1754 1399 2.53984 -1.91986
1965 1399 2.53984 -0.872665
2542 1403 2.53984 2.26893
67 1404 2.53984 -1.74533
2239 1404 2.53984 -2.0944
881 1407 2.53984 0.174533
378 1411 2.53984 -1.74533
1642 1411 2.53984 -2.0944
2153 1411 2.53984 2.0944
2448 1413 2.53984 0.174533
2048 1414 2.53984 2.26893
478 1419 2.53984 2.79253
692 1420 2.53984 1.0472
1383 1420 2.53984 0.174533
2069 1427 2.53984 1.0472
279 1435 2.53984 2.0944
1279 1488 2.53984 -0.872665
1072 1503 2.53984 -1.0472
1924 1505 2.53984 -2.61799
1648 1507 2.53984 0.523599
1732 1510 2.53984 -2.61799
412 1511 2.53984 -0.872665
174 1515 2.53984 2.26893
762 1515 2.53984 2.61799
2429 1516 2.53984 2.26893
1189 1518 2.53984 0.523599
1253 1518 2.53984 1.5708
2521 1524 2.53984 1.0472
599 1525 2.53984 1.74533
678 1528 2.53984 2.79253
1756 1590 2.53984 -1.91986
2333 1595 2.53984 -2.0944
2343 1596 2.53984 -2.0944
1748 1600 2.53984 -2.44346
1058 1601 2.53984 -2.61799
1671 1602 2.53984 -0.174533
2534 1602 2.53984 -2.0944
169 1604 2.53984 -1.0472
2525 1608 2.53984 -2.0944
675 1612 2.53984 -2.26893
2040 1613 2.53984 1.91986
2522 1617 2.53984 -2.26893
290 1618 2.53984 -0.523599
1046 1622 2.53984 -2.61799
1980 1624 2.53984 -1.22173
2363 1631 2.53984 0.349066
191 1637 2.53984 1.74533
2546 1639 2.53984 0.174533
1783 1641 2.53984 1.0472
1781 1642 2.53984 1.0472
1779 1643 2.53984 1.0472
1777 1644 2.53984 1.0472
1775 1645 2.53984 1.0472
1773 1646 2.53984 1.0472
2541 1648 2.53984 1.22173
1843 1688 2.53984 -1.22173
470 1696 2.53984 -1.91986
2156 1708 2.53984 -1.0472
264 1715 2.53984 -2.61799
2244 1716 2.53984 -1.0472
1685 1717 2.53984 -1.22173
2236 1718 2.53984 -2.61799
2235 1720 2.53984 -2.61799
1738 1721 2.53984 -2.26893
2343 1721 2.53984 -0.174533
285 1722 2.53984 1.0472
2072 1722 2.53984 0.523599
283 1723 2.53984 1.0472
479 1723 2.53984 0.523599
279 1725 2.53984 1.0472
265 1726 2.53984 1.22173
277 1726 2.53984 1.0472
275 1727 2.53984 1.0472
1945 1727 2.53984 -1.22173
1936 1729 2.53984 2.61799
2116 1729 2.53984 -2.79253
1644 1733 2.53984 1.91986
1953 1745 2.53984 1.22173
1058 1791 2.53984 -0.523599
679 1795 2.53984 -2.0944
2236 1802 2.53984 -2.44346
369 1806 2.53984 -2.79253
664 1806 2.53984 -2.26893
1136 1815 2.53984 -2.61799
2351 1819 2.53984 1.0472
1771 1825 2.53984 0.349066
2338 1826 2.53984 1.0472
384 1831 2.53984 0.174533
221 1833 2.53984 0.872665
2429 1836 2.53984 0.349066
184 1837 2.53984 -1.74533
1138 1838 2.53984 2.0944
470 1850 2.53984 1.0472
192 1854 2.53984 2.61799
578 1858 2.53984 0.523599
577 1860 2.53984 0.523599
576 1862 2.53984 0.523599
575 1864 2.53984 0.523599
567 1866 2.53984 0.523599
1836 1900 2.53984 -1.91986
1834 1901 2.53984 -1.91986
1196 1912 2.53984 -1.0472
1825 1912 2.53984 2.96706
2346 1913 2.53984 0.174533
1555 14 3.2 -2.44346
782 17 3.2 -1.91986
201 18 3.2 -0.872665
1180 21 3.2 -1.91986
2341 26 3.2 -1.0472
1568 30 3.2 -0.698132
470 32 3.2 -1.39626
104 36 3.2 -0.698132
2229 38 3.2 2.96706
1561 43 3.2 1.0472
1261 45 3.2 -0.523599
2328 45 3.2 -2.61799
2268 47 3.2 0.698132
2360 50 3.2 0.698132
123 58 3.2 -0.698132
459 59 3.2 2.26893
959 62 3.2 1.0472
2138 63 3.2 1.91986
1340 67 3.2 2.79253
1849 67 3.2 2.44346
859 122 3.2 -0.872665
1054 123 3.2 -1.5708
1555 123 3.2 -2.0944
1567 125 3.2 -2.0944
974 126 3.2 -2.44346
1582 126 3.2 -1.0472
2329 126 3.2 -1.74533
800 127 3.2 -1.39626
2311 129 3.2 2.79253
553 132 3.2 -2.0944
1932 133 3.2 -2.61799
1174 134 3.2 -2.61799
875 136 3.2 -0.174533
1585 136 3.2 -1.0472
2054 137 3.2 -1.91986
1760 140 3.2 -1.22173
2236 141 3.2 -1.74533
2036 146 3.2 2.61799
125 150 3.2 -0.523599
770 153 3.2 -2.96706
80 154 3.2 2.26893
273 154 3.2 -2.96706
1165 155 3.2 -2.79253
2150 155 3.2 -2.26893
578 156 3.2 2.26893
2322 156 3.2 1.39626
385 159 3.2 0.698132
2044 159 3.2 0.523599
1683 160 3.2 -0.523599
1636 161 3.2 -2.61799
85 166 3.2 2.0944
1779 167 3.2 0
88 168 3.2 2.0944
102 168 3.2 2.0944
91 170 3.2 2.0944
270 171 3.2 -2.96706
856 172 3.2 1.39626
1673 177 3.2 0.872665
2343 220 3.2 -0.872665
1651 226 3.2 -1.0472
1178 228 3.2 -0.698132
2516 231 3.2 -2.61799
478 232 3.2 -2.79253
2455 232 3.2 -1.91986
272 233 3.2 -2.44346
1763 233 3.2 -1.22173
672 234 3.2 -2.61799
1540 234 3.2 -2.26893
1931 234 3.2 -1.5708
974 235 3.2 0.174533
2328 235 3.2 -2.79253
1080 236 3.2 -1.0472
1666 236 3.2 -0.698132
1266 237 3.2 -2.61799
268 238 3.2 -2.44346
215 240 3.2 -1.39626
266 241 3.2 -2.44346
274 242 3.2 -2.44346
1742 243 3.2 -3.14159
1844 243 3.2 -1.91986
2141 245 3.2 -2.0944
1097 246 3.2 -0.872665
1359 246 3.2 0.174533
2331 246 3.2 -2.79253
2360 248 3.2 0.523599
2429 250 3.2 1.5708
2358 251 3.2 0.523599
422 252 3.2 -0.698132
943 252 3.2 -2.0944
284 253 3.2 1.0472
2128 253 3.2 2.44346
659 254 3.2 2.79253
1054 254 3.2 -2.26893
2356 254 3.2 0.523599
1273 255 3.2 1.39626
2345 256 3.2 0.698132
291 257 3.2 1.0472
1655 257 3.2 1.0472
1193 258 3.2 0.523599
2228 258 3.2 -2.61799
286 260 3.2 1.0472
378 260 3.2 1.74533
2227 260 3.2 -2.61799
1191 261 3.2 0.523599
1189 264 3.2 0.523599
2055 265 3.2 1.74533
1178 266 3.2 2.26893
2157 270 3.2 -0.174533
1868 272 3.2 1.0472
2145 273 3.2 1.39626
1849 275 3.2 1.0472
1860 277 3.2 1.0472
664 332 3.2 -2.96706
1956 332 3.2 -0.698132
2139 332 3.2 -3.14159
1945 335 3.2 -2.61799
1688 336 3.2 -1.0472
697 337 3.2 0.174533
1944 337 3.2 -2.61799
2036 337 3.2 -2.26893
272 339 3.2 -1.91986
871 339 3.2 -1.22173
1348 340 3.2 -0.872665
1942 340 3.2 -2.61799
2460 342 3.2 0.872665
1650 343 3.2 -2.26893
254 346 3.2 -1.91986
475 346 3.2 2.96706
1756 348 3.2 -1.74533
2161 349 3.2 -0.872665
1448 351 3.2 2.79253
1943 351 3.2 -2.61799
2445 353 3.2 1.91986
2458 353 3.2 0.872665
1953 355 3.2 1.22173
1085 356 3.2 -2.0944
2142 356 3.2 2.96706
1158 357 3.2 -1.39626
1845 359 3.2 2.96706
1676 363 3.2 0.523599
1062 372 3.2 2.44346
1775 373 3.2 1.22173
1087 374 3.2 0.523599
1466 374 3.2 1.5708
91 381 3.2 2.44346
2259 388 3.2 0.174533
1853 390 3.2 1.5708
93 436 3.2 -2.44346
2130 436 3.2 -1.39626
205 439 3.2 0.523599
173 444 3.2 -2.44346
1277 444 3.2 -0.698132
2029 447 3.2 2.96706
1531 448 3.2 -3.14159
1680 448 3.2 -0.872665
82 449 3.2 2.96706
117 451 3.2 0.698132
974 455 3.2 -2.44346
375 459 3.2 -1.39626
1291 460 3.2 -0.698132
1942 460 3.2 2.44346
1425 461 3.2 1.91986
2337 464 3.2 2.44346
2054 465 3.2 1.0472
1159 466 3.2 1.5708
1825 466 3.2 1.91986
1753 467 3.2 0
1737 468 3.2 -2.96706
1457 470 3.2 0.523599
1334 471 3.2 2.26893
856 473 3.2 -1.5708
1851 473 3.2 1.74533
1973 473 3.2 1.39626
888 476 3.2 0.872665
1956 476 3.2 1.39626
1281 480 3.2 0.523599
400 481 3.2 0.523599
1679 481 3.2 1.22173
2250 483 3.2 1.74533
389 485 3.2 2.61799
870 490 3.2 2.44346
1263 490 3.2 2.0944
292 540 3.2 -0.174533
1545 544 3.2 -2.96706
279 549 3.2 -2.26893
93 550 3.2 -1.22173
568 552 3.2 -2.61799
567 554 3.2 -2.61799
1175 556 3.2 2.44346
468 558 3.2 2.79253
1338 563 3.2 1.39626
586 564 3.2 0.523599
1239 564 3.2 -2.44346
167 566 3.2 -1.91986
585 566 3.2 0.523599
407 570 3.2 0.698132
1837 570 3.2 1.22173
2145 570 3.2 2.79253
778 576 3.2 -3.14159
2529 584 3.2 2.0944
90 590 3.2 2.61799
2542 590 3.2 0.698132
179 592 3.2 0.698132
1065 597 3.2 0.523599
2158 603 3.2 0.872665
2257 649 3.2 -0.349066
2325 653 3.2 -2.0944
2131 654 3.2 -2.26893
756 660 3.2 2.79253
1735 668 3.2 -2.26893
2244 668 3.2 -2.61799
1252 669 3.2 -1.74533
2143 669 3.2 0
10 670 3.2 -1.5708
176 670 3.2 -2.44346
860 670 3.2 -2.0944
902 670 3.2 0.349066
2331 671 3.2 2.79253
901 673 3.2 0.349066
81 674 3.2 1.74533
2538 678 3.2 1.39626
114 679 3.2 -0.349066
650 679 3.2 2.79253
890 681 3.2 1.39626
29 684 3.2 -0.872665
185 684 3.2 2.44346
868 685 3.2 1.39626
1741 694 3.2 -0.174533
281 705 3.2 1.39626
1155 746 3.2 -0.698132
1052 747 3.2 -1.22173
1856 747 3.2 -1.91986
1841 753 3.2 2.61799
2526 758 3.2 -1.5708
189 769 3.2 -2.61799
1276 769 3.2 1.39626
77 770 3.2 -1.0472
1851 773 3.2 2.61799
1945 779 3.2 -1.0472
2457 782 3.2 -2.26893
1580 784 3.2 -1.22173
2042 785 3.2 -2.44346
1461 786 3.2 -1.39626
1871 786 3.2 2.0944
572 787 3.2 0.698132
2232 787 3.2 1.5708
2439 797 3.2 -2.26893
79 799 3.2 1.5708
684 800 3.2 2.44346
1054 801 3.2 1.22173
1459 801 3.2 1.22173
95 806 3.2 1.5708
1438 807 3.2 -3.14159
589 850 3.2 -0.872665
1747 850 3.2 -2.61799
2535 859 3.2 -2.0944
2041 860 3.2 -1.0472
2330 861 3.2 -1.5708
2348 862 3.2 -1.5708
605 865 3.2 0.698132
2029 868 3.2 -2.79253
2319 868 3.2 -2.79253
1971 869 3.2 0.872665
742 870 3.2 -3.14159
967 870 3.2 1.74533
1735 870 3.2 1.74533
2064 872 3.2 -1.0472
292 873 3.2 -2.96706
1943 873 3.2 -1.74533
2026 875 3.2 -2.79253
2356 875 3.2 -0.523599
1145 877 3.2 -2.0944
671 880 3.2 -1.22173
2322 880 3.2 -2.79253
577 882 3.2 -2.79253
2030 884 3.2 -2.79253
2360 887 3.2 0.349066
2359 890 3.2 0.349066
755 892 3.2 1.91986
1242 893 3.2 2.96706
659 894 3.2 2.0944
2124 895 3.2 1.74533
1861 896 3.2 -0.698132
1813 897 3.2 2.0944
91 898 3.2 0.174533
299 898 3.2 0.698132
2144 899 3.2 1.74533
288 901 3.2 0.698132
1269 906 3.2 0.523599
208 909 3.2 2.26893
1856 914 3.2 0.349066
971 954 3.2 -2.44346
476 960 3.2 -1.74533
747 960 3.2 -1.5708
792 960 3.2 0.872665
2035 961 3.2 -1.0472
185 964 3.2 -1.91986
676 964 3.2 -1.74533
1743 964 3.2 -2.61799
2255 964 3.2 -1.74533
2048 968 3.2 0.174533
2234 970 3.2 2.96706
1831 971 3.2 -1.0472
659 972 3.2 2.96706
2150 972 3.2 -2.26893
449 973 3.2 -2.44346
2137 974 3.2 -2.26893
2272 976 3.2 -0.872665
2029 978 3.2 -2.79253
1817 979 3.2 -2.0944
2545 979 3.2 -1.0472
1095 980 3.2 0
1734 980 3.2 -2.61799
2131 980 3.2 -2.26893
2524 980 3.2 2.96706
192 983 3.2 1.0472
759 985 3.2 2.61799
901 985 3.2 -1.5708
300 986 3.2 0.523599
696 986 3.2 0.698132
70 988 3.2 -2.44346
868 988 3.2 2.26893
572 990 3.2 -2.96706
463 991 3.2 2.44346
2130 992 3.2 -2.44346
102 993 3.2 0.349066
2239 993 3.2 2.26893
474 996 3.2 1.91986
1148 1002 3.2 1.91986
1551 1003 3.2 -2.79253
890 1005 3.2 0.523599
676 1010 3.2 2.44346
2431 1024 3.2 1.22173
675 1060 3.2 -1.91986
1855 1065 3.2 -2.96706
1549 1066 3.2 -0.698132
1534 1067 3.2 -2.96706
755 1068 3.2 -1.74533
379 1070 3.2 -2.26893
689 1076 3.2 0
369 1078 3.2 -2.26893
199 1081 3.2 -0.349066
789 1081 3.2 0.523599
880 1081 3.2 0.872665
1067 1082 3.2 -1.22173
1484 1085 3.2 0.174533
282 1087 3.2 -1.91986
1357 1087 3.2 -2.26893
1175 1089 3.2 -0.523599
2533 1089 3.2 -1.91986
1047 1091 3.2 2.61799
2061 1091 3.2 0.174533
486 1092 3.2 2.26893
859 1095 3.2 1.0472
390 1098 3.2 -0.349066
313 1099 3.2 -0.174533
2264 1099 3.2 0.349066
1740 1100 3.2 -1.91986
2115 1102 3.2 2.0944
1056 1105 3.2 1.39626
1478 1106 3.2 1.22173
1383 1107 3.2 1.39626
203 1109 3.2 0
2159 1109 3.2 1.22173
297 1110 3.2 1.0472
309 1111 3.2 1.0472
986 1111 3.2 0
957 1113 3.2 2.0944
2141 1116 3.2 1.22173
1736 1119 3.2 -2.96706
2256 1120 3.2 0.349066
979 1124 3.2 0.523599
1850 1167 3.2 0.174533
2431 1167 3.2 -1.91986
1835 1171 3.2 -1.91986
184 1173 3.2 -1.0472
863 1173 3.2 -0.698132
2339 1181 3.2 -0.698132
201 1183 3.2 0.174533
392 1184 3.2 -0.523599
583 1184 3.2 -2.44346
2327 1185 3.2 -2.61799
2326 1187 3.2 -2.61799
1476 1189 3.2 -1.91986
1974 1189 3.2 0.174533
1267 1193 3.2 -3.14159
1540 1193 3.2 -2.0944
702 1194 3.2 -1.74533
2468 1194 3.2 0.523599
1164 1195 3.2 -2.0944
1535 1196 3.2 -2.0944
1660 1196 3.2 -0.698132
1764 1199 3.2 -0.523599
1827 1199 3.2 2.26893
2239 1199 3.2 1.0472
684 1200 3.2 -1.91986
195 1201 3.2 1.22173
1175 1201 3.2 -1.0472
2324 1201 3.2 -2.44346
1151 1203 3.2 2.96706
610 1205 3.2 -0.872665
1533 1206 3.2 -2.0944
1969 1212 3.2 0.174533
110 1217 3.2 -0.872665
1537 1218 3.2 2.0944
465 1219 3.2 1.0472
1749 1219 3.2 0.698132
1540 1220 3.2 2.0944
1553 1220 3.2 2.0944
1543 1222 3.2 2.0944
1266 1226 3.2 -3.14159
1653 1231 3.2 1.22173
2152 1274 3.2 2.96706
172 1287 3.2 2.61799
1824 1292 3.2 2.96706
1858 1293 3.2 0.174533
957 1294 3.2 -1.74533
2157 1294 3.2 0.698132
70 1295 3.2 -2.26893
196 1295 3.2 -1.22173
862 1295 3.2 -2.61799
1674 1301 3.2 -0.349066
1936 1301 3.2 2.61799
2325 1302 3.2 2.26893
2344 1302 3.2 -1.5708
488 1305 3.2 -0.698132
2068 1307 3.2 -1.0472
864 1308 3.2 2.44346
1263 1309 3.2 0.349066
361 1312 3.2 2.26893
1829 1312 3.2 1.5708
1853 1312 3.2 1.5708
191 1313 3.2 0.349066
1947 1320 3.2 2.61799
1761 1321 3.2 1.5708
690 1371 3.2 -1.22173
1383 1372 3.2 -1.91986
701 1376 3.2 -0.349066
673 1380 3.2 -2.96706
869 1380 3.2 -2.0944
1942 1382 3.2 -2.61799
885 1385 3.2 0.174533
1930 1388 3.2 -2.61799
1929 1390 3.2 -2.61799
2128 1393 3.2 -1.74533
847 1394 3.2 2.79253
1935 1395 3.2 -2.61799
263 1396 3.2 2.96706
1562 1398 3.2 -1.91986
786 1399 3.2 -0.872665
1658 1400 3.2 -2.0944
2431 1400 3.2 -2.26893
1765 1401 3.2 -1.22173
1655 1402 3.2 -2.0944
508 1403 3.2 -1.0472
1652 1404 3.2 -2.0944
1858 1404 3.2 -1.22173
2544 1404 3.2 2.26893
1660 1407 3.2 -2.0944
1093 1408 3.2 1.5708
1644 1409 3.2 -2.0944
1657 1409 3.2 -2.0944
1360 1410 3.2 1.91986
854 1411 3.2 1.39626
1534 1412 3.2 -2.26893
512 1415 3.2 0.872665
2416 1415 3.2 -2.44346
1436 1421 3.2 -2.26893
1640 1421 3.2 2.44346
269 1422 3.2 2.0944
1955 1422 3.2 1.91986
3 1423 3.2 0.349066
395 1425 3.2 1.74533
2443 1428 3.2 1.5708
2430 1429 3.2 2.26893
1543 1430 3.2 2.61799
286 1431 3.2 2.0944
1566 1432 3.2 1.5708
1651 1433 3.2 1.22173
1262 1477 3.2 -1.0472
588 1482 3.2 -2.61799
1230 1486 3.2 -2.0944
1564 1489 3.2 -1.39626
2452 1489 3.2 -1.22173
2514 1494 3.2 2.96706
1356 1497 3.2 -1.91986
1457 1497 3.2 0.349066
180 1498 3.2 -2.79253
1051 1499 3.2 -1.5708
1442 1499 3.2 -2.26893
1343 1502 3.2 -1.91986
2415 1502 3.2 -2.79253
603 1503 3.2 0.174533
1168 1504 3.2 -2.0944
1955 1505 3.2 -1.5708
1163 1507 3.2 -2.0944
1461 1507 3.2 0.349066
1074 1511 3.2 -1.0472
1438 1511 3.2 -2.26893
1155 1512 3.2 -2.0944
2544 1512 3.2 1.0472
577 1513 3.2 -2.96706
1336 1513 3.2 -2.61799
386 1515 3.2 -2.96706
1926 1515 3.2 2.61799
1046 1517 3.2 2.44346
1578 1517 3.2 0.349066
1735 1519 3.2 -2.79253
2254 1521 3.2 0.523599
299 1522 3.2 -0.349066
1566 1524 3.2 2.44346
189 1526 3.2 1.39626
1183 1528 3.2 0.523599
2230 1528 3.2 -2.79253
1936 1529 3.2 2.44346
383 1531 3.2 -2.96706
93 1532 3.2 -2.96706
1180 1532 3.2 0.698132
2254 1534 3.2 0.523599
1150 1537 3.2 1.39626
1961 1539 3.2 1.91986
2241 1541 3.2 2.44346
484 1542 3.2 2.0944
1353 1544 3.2 2.61799
1763 1595 3.2 -1.91986
2054 1595 3.2 -2.44346
1832 1596 3.2 -1.74533
1854 1598 3.2 -0.349066
1652 1599 3.2 -2.96706
1058 1603 3.2 -2.61799
2530 1604 3.2 -2.0944
2528 1605 3.2 -2.0944
2542 1605 3.2 -2.0944
1048 1606 3.2 -2.61799
2135 1606 3.2 -1.0472
2122 1607 3.2 -2.61799
2325 1607 3.2 2.79253
2372 1608 3.2 -0.698132
263 1609 3.2 -1.91986
1045 1611 3.2 -2.61799
1967 1612 3.2 -1.22173
1860 1614 3.2 -0.349066
1956 1614 3.2 -1.0472
1673 1617 3.2 0.698132
193 1620 3.2 0.174533
1649 1620 3.2 2.44346
1048 1621 3.2 -2.61799
1063 1624 3.2 1.74533
2373 1625 3.2 0.349066
2333 1628 3.2 2.79253
160 1629 3.2 -2.79253
1671 1630 3.2 0.872665
287 1632 3.2 1.22173
1784 1633 3.2 1.0472
2251 1638 3.2 1.74533
1938 1639 3.2 1.91986
2143 1639 3.2 1.74533
1764 1643 3.2 1.5708
2532 1645 3.2 1.22173
1971 1646 3.2 0.349066
1834 1691 3.2 -1.22173
1380 1702 3.2 -1.39626
1830 1706 3.2 -2.96706
1858 1706 3.2 0.174533
463 1707 3.2 2.61799
1755 1709 3.2 -2.26893
864 1710 3.2 -0.698132
1657 1710 3.2 -2.61799
2146 1710 3.2 -1.0472
286 1714 3.2 1.0472
2123 1714 3.2 -2.79253
2053 1715 3.2 2.26893
483 1717 3.2 0.523599
852 1718 3.2 -2.79253
472 1721 3.2 0.523599
873 1723 3.2 0.698132
1240 1723 3.2 -2.44346
267 1724 3.2 1.22173
281 1725 3.2 1.0472
849 1725 3.2 -2.79253
1853 1725 3.2 1.22173
2543 1725 3.2 -1.0472
1529 1727 3.2 -2.96706
2172 1728 3.2 0.872665
1560 1729 3.2 0.349066
2329 1729 3.2 1.0472
1167 1731 3.2 0.523599
1268 1736 3.2 0
1071 1739 3.2 1.74533
2168 1741 3.2 0.872665
676 1743 3.2 -3.14159
2536 1743 3.2 1.91986
1058 1793 3.2 -0.523599
1273 1802 3.2 -2.26893
2153 1803 3.2 2.44346
2236 1804 3.2 -2.44346
387 1806 3.2 -1.5708
2225 1806 3.2 -2.44346
1534 1807 3.2 2.96706
1361 1808 3.2 -3.14159
466 1809 3.2 -2.44346
1050 1809 3.2 2.44346
2223 1809 3.2 -2.44346
1145 1813 3.2 -2.61799
1738 1813 3.2 -1.91986
2220 1813 3.2 -2.44346
1755 1814 3.2 -1.91986
2218 1816 3.2 -2.44346
1253 1817 3.2 -2.0944
109 1818 3.2 0.872665
578 1822 3.2 0
1391 1822 3.2 0
957 1823 3.2 -2.96706
1647 1825 3.2 -2.26893
2242 1825 3.2 1.5708
2219 1826 3.2 1.5708
972 1828 3.2 -0.698132
1136 1829 3.2 2.0944
552 1830 3.2 -3.14159
219 1834 3.2 0.872665
483 1834 3.2 0.349066
1147 1835 3.2 1.39626
1751 1838 3.2 1.91986
2022 1839 3.2 -1.74533
973 1840 3.2 -0.698132
462 1847 3.2 2.44346
2548 1848 3.2 1.91986
2030 1856 3.2 2.61799
1175 1902 3.2 -2.0944
704 1903 3.2 -1.91986
1845 1903 3.2 -1.91986
1858 1904 3.2 -0.872665
1862 1907 3.2 -0.872665
1260 1909 3.2 -0.698132
568 1916 3.2 -1.5708
1472 1198 2.01587 1.74533
960 1836 2.01587 -2.96706
2358 220 2.53984 -0.872665
2362 250 2.53984 0.523599
2444 260 2.53984 1.5708
2338 448 2.53984 -2.26893
1942 476 2.53984 2.44346
2336 480 2.53984 2.44346
2056 856 2.53984 -1.0472
2026 868 2.53984 -2.79253
2132 908 2.53984 1.74533
2068 1200 2.53984 -0.698132
2046 1220 2.53984 2.26893
1168 1312 2.53984 2.0944
1440 1496 2.53984 -2.26893
1674 1632 2.53984 0.698132
1458 1700 2.53984 -0.698132
2262 1716 2.53984 -1.0472
870 1740 2.53984 0.872665
2246 1744 2.53984 1.74533
778 1824 2.53984 1.74533
552 1864 2.53984 2.44346
1958 114 3.2 -1.22173
104 120 3.2 -1.39626
74 138 3.2 -2.61799
1686 142 3.2 -0.523599
1632 144 3.2 -2.61799
1940 162 3.2 2.26893
276 164 3.2 -0.698132
120 170 3.2 0.872665
84 172 3.2 2.0944
1676 180 3.2 0.872665
1160 224 3.2 -2.0944
594 226 3.2 -1.39626
2438 226 3.2 -2.0944
2326 228 3.2 -2.79253
266 234 3.2 -2.44346
1876 242 3.2 -0.698132
480 244 3.2 -0.349066
2362 254 3.2 0.698132
292 262 3.2 1.0472
1196 262 3.2 0.523599
1158 264 3.2 2.26893
2236 266 3.2 -0.174533
1868 278 3.2 1.0472
1956 340 3.2 -2.44346
572 360 3.2 2.79253
476 440 3.2 -1.22173
764 446 3.2 1.74533
444 462 3.2 -2.96706
586 464 3.2 1.74533
2366 466 3.2 0.174533
1056 472 3.2 -1.22173
2240 476 3.2 -0.698132
478 480 3.2 1.0472
288 548 3.2 1.74533
1054 562 3.2 -2.26893
1188 564 3.2 2.26893
1084 586 3.2 0.523599
1670 588 3.2 -0.523599
872 650 3.2 -2.0944
2254 660 3.2 -2.44346
906 674 3.2 0.349066
1074 688 3.2 -2.26893
882 694 3.2 1.39626
668 746 3.2 -1.39626
696 772 3.2 -0.349066
188 780 3.2 -0.174533
2242 782 3.2 -2.26893
1568 784 3.2 -1.22173
2448 794 3.2 -2.26893
984 866 3.2 -1.91986
2138 868 3.2 -1.39626
860 882 3.2 0
294 884 3.2 -2.96706
2050 890 3.2 1.22173
1374 892 3.2 1.74533
708 974 3.2 -0.174533
1742 974 3.2 -2.61799
1350 978 3.2 -1.74533
68 982 3.2 -2.44346
2142 984 3.2 -2.44346
2344 996 3.2 1.39626
1816 998 3.2 2.44346
696 1006 3.2 0.698132
1352 1024 3.2 1.39626
290 1072 3.2 -1.91986
642 1082 3.2 -2.96706
280 1106 3.2 2.61799
962 1130 3.2 2.0944
2540 1198 3.2 -3.14159
694 1200 3.2 -1.91986
100 1212 3.2 1.91986
2442 1264 3.2 -1.74533
1560 1284 3.2 2.26893
2158 1284 3.2 2.96706
2472 1296 3.2 0
2336 1304 3.2 -1.5708
2420 1310 3.2 2.44346
2546 1310 3.2 -2.26893
940 1320 3.2 2.44346
506 1396 3.2 -1.0472
1650 1400 3.2 -2.0944
1688 1400 3.2 -0.872665
296 1402 3.2 -0.523599
1848 1402 3.2 -1.22173
592 1404 3.2 1.5708
1438 1404 3.2 -2.26893
1474 1414 3.2 -0.349066
1454 1446 3.2 1.39626
1446 1510 3.2 -2.26893
290 1516 3.2 2.44346
2324 1520 3.2 -1.5708
1638 1608 3.2 -2.96706
1152 1622 3.2 -1.5708
786 1626 3.2 2.44346
2134 1700 3.2 -1.74533
2164 1706 3.2 -1.0472
276 1716 3.2 1.0472
2062 1718 3.2 2.0944
846 1720 3.2 -2.79253
1946 1736 3.2 -1.22173
1240 1742 3.2 2.44346
2170 1746 3.2 0.872665
1356 1794 3.2 -2.44346
2160 1806 3.2 2.44346
1402 1810 3.2 0
1656 1830 3.2 -2.26893
1390 1840 3.2 0.872665
680 1900 3.2 -1.91986
676 1902 3.2 -1.91986
1942 1904 3.2 -1.91986
1360 1520 2.01587 0
1556 28 2.53984 0
200 32 2.53984 -3.14159
1172 32 2.53984 1.5708
876 48 2.53984 0
964 48 2.53984 -1.74533
1740 48 2.53984 2.96706
1344 56 2.53984 -2.61799
1848 56 2.53984 -3.14159
1052 132 2.53984 2.26893
1368 132 2.53984 -1.5708
568 136 2.53984 0
1568 136 2.53984 -1.39626
2448 140 2.53984 1.5708
968 144 2.53984 0.174533
1176 144 2.53984 -0.174533
2044 148 2.53984 1.5708
2252 148 2.53984 1.91986
2524 152 2.53984 1.22173
376 156 2.53984 0
1256 160 2.53984 -1.74533
2160 164 2.53984 1.5708
2444 244 2.53984 1.5708
200 248 2.53984 -1.5708
1264 248 2.53984 -0.174533
1472 248 2.53984 -0.349066
672 252 2.53984 0
960 252 2.53984 -1.91986
1352 252 2.53984 0
1952 344 2.53984 1.22173
2048 344 2.53984 1.0472
2148 344 2.53984 -0.872665
2444 344 2.53984 1.0472
960 348 2.53984 1.5708
388 352 2.53984 -2.0944
88 368 2.53984 -1.0472
1076 372 2.53984 0.174533
296 452 2.53984 0
680 452 2.53984 1.5708
1744 456 2.53984 -2.96706
2532 456 2.53984 -3.14159
984 460 2.53984 -0.174533
2040 460 2.53984 -3.14159
1836 464 2.53984 2.26893
2348 464 2.53984 0.174533
1956 468 2.53984 -1.22173
388 472 2.53984 2.61799
872 480 2.53984 -1.5708
1552 552 2.53984 -3.14159
1348 556 2.53984 1.5708
576 560 2.53984 0.698132
956 560 2.53984 1.91986
1848 560 2.53984 -1.5708
864 568 2.53984 -1.39626
788 576 2.53984 -2.96706
1252 576 2.53984 0
1740 576 2.53984 1.74533
1960 576 2.53984 0
1668 584 2.53984 2.96706
2336 656 2.53984 -2.26893
2252 660 2.53984 -2.96706
772 664 2.53984 -0.523599
2032 672 2.53984 1.74533
968 680 2.53984 -2.96706
1732 680 2.53984 -0.174533
1076 684 2.53984 -2.26893
372 688 2.53984 0
1352 688 2.53984 1.22173
1860 688 2.53984 0
1156 764 2.53984 0
1264 764 2.53984 -2.26893
2528 768 2.53984 -1.5708
2352 776 2.53984 -1.5708
568 780 2.53984 0.698132
1644 780 2.53984 -2.96706
2056 780 2.53984 -0.872665
1956 788 2.53984 -1.0472
2448 792 2.53984 -2.44346
1448 796 2.53984 1.5708
1748 864 2.53984 1.5708
980 868 2.53984 1.74533
2044 872 2.53984 1.22173
1956 876 2.53984 1.5708
2540 876 2.53984 1.39626
1156 880 2.53984 -2.96706
2260 880 2.53984 1.74533
492 884 2.53984 -1.39626
88 888 2.53984 1.5708
292 888 2.53984 -3.14159
2132 888 2.53984 -1.5708
672 892 2.53984 -3.14159
204 896 2.53984 -0.174533
300 972 2.53984 -0.174533
388 972 2.53984 -1.5708
1948 972 2.53984 -0.174533
2040 972 2.53984 0
968 976 2.53984 2.96706
580 980 2.53984 0
1832 984 2.53984 2.96706
2140 984 2.53984 -2.44346
2536 984 2.53984 -2.96706
888 992 2.53984 -1.91986
2340 996 2.53984 -1.5708
1164 1000 2.53984 -1.74533
1644 1000 2.53984 0.872665
1544 1076 2.53984 1.74533
868 1084 2.53984 -2.96706
2340 1088 2.53984 1.5708
1060 1092 2.53984 1.5708
1260 1092 2.53984 0.174533
2048 1100 2.53984 -1.91986
1748 1108 2.53984 1.5708
380 1184 2.53984 -3.14159
976 1184 2.53984 -0.174533
864 1188 2.53984 0.174533
1084 1188 2.53984 1.0472
2244 1188 2.53984 -1.5708
1472 1196 2.53984 -1.5708
284 1200 2.53984 -1.5708
776 1208 2.53984 -2.26893
1164 1208 2.53984 0.174533
1272 1208 2.53984 -3.14159
1544 1208 2.53984 0
2056 1208 2.53984 -0.872665
292 1284 2.53984 -3.14159
1260 1288 2.53984 2.79253
1664 1288 2.53984 -0.523599
692 1292 2.53984 1.5708
188 1300 2.53984 2.44346
580 1300 2.53984 2.26893
1948 1304 2.53984 -2.96706
76 1312 2.53984 1.5708
1360 1312 2.53984 -3.14159
1752 1312 2.53984 -3.14159
2052 1312 2.53984 1.22173
2228 1316 2.53984 1.5708
2140 1396 2.53984 2.26893
776 1400 2.53984 -3.14159
1764 1408 2.53984 -1.74533
2248 1412 2.53984 2.96706
388 1416 2.53984 -1.74533
1644 1500 2.53984 1.39626
768 1504 2.53984 -0.523599
2056 1504 2.53984 2.96706
1052 1508 2.53984 1.39626
1448 1508 2.53984 -2.44346
2528 1512 2.53984 -0.872665
396 1520 2.53984 -3.14159
688 1520 2.53984 -1.5708
1744 1520 2.53984 2.79253
104 1524 2.53984 -3.14159
2240 1524 2.53984 -3.14159
1472 1604 2.53984 1.5708
2444 1608 2.53984 -2.96706
688 1612 2.53984 0.698132
1056 1616 2.53984 0
1268 1628 2.53984 -0.174533
2248 1628 2.53984 1.5708
472 1708 2.53984 -1.74533
976 1712 2.53984 1.5708
1372 1712 2.53984 -0.174533
1444 1712 2.53984 -0.872665
2332 1712 2.53984 2.96706
1164 1716 2.53984 0.174533
864 1724 2.53984 -2.79253
2252 1728 2.53984 1.5708
2532 1728 2.53984 2.96706
1076 1732 2.53984 -1.0472
396 1736 2.53984 1.74533
672 1808 2.53984 -2.96706
2344 1808 2.53984 0
1060 1812 2.53984 -0.349066
376 1816 2.53984 0
2232 1820 2.53984 1.5708
1152 1824 2.53984 0
2424 1828 2.53984 -2.79253
960 1836 2.53984 1.5708
196 1844 2.53984 1.0472
2036 1844 2.53984 1.22173
2444 28 3.2 -3.14159
776 32 3.2 1.5708
2136 48 3.2 2.44346
2344 48 3.2 0.174533
480 52 3.2 -2.79253
2244 52 3.2 1.39626
100 56 3.2 -2.44346
1252 56 3.2 -0.698132
784 140 3.2 -2.79253
2328 140 3.2 2.0944
100 148 3.2 -1.39626
2344 240 3.2 0.174533
284 244 3.2 1.22173
1172 244 3.2 -2.0944
1656 244 3.2 1.39626
1760 244 3.2 -1.0472
588 248 3.2 1.39626
1548 248 3.2 -1.5708
1952 248 3.2 2.44346
2532 248 3.2 2.26893
400 252 3.2 1.5708
2052 252 3.2 -1.91986
1856 256 3.2 -3.14159
2144 260 3.2 1.74533
680 344 3.2 1.74533
272 352 3.2 -1.5708
864 352 3.2 -3.14159
1468 360 3.2 -0.698132
488 364 3.2 0
1752 364 3.2 -1.39626
1156 372 3.2 -2.61799
1860 372 3.2 0
2252 372 3.2 0
188 444 3.2 -2.44346
100 452 3.2 0.698132
1160 452 3.2 -2.96706
2132 452 3.2 0.523599
1448 456 3.2 -1.74533
468 460 3.2 -2.79253
1552 460 3.2 1.5708
1344 464 3.2 -0.698132
1272 468 3.2 0.872665
1668 468 3.2 -2.44346
484 560 3.2 -0.872665
96 568 3.2 -3.14159
388 576 3.2 0.872665
1064 580 3.2 -2.96706
2160 584 3.2 2.61799
96 664 3.2 -0.523599
880 672 3.2 1.39626
2132 672 3.2 -0.174533
664 676 3.2 -2.96706
572 680 3.2 1.39626
1272 680 3.2 1.91986
1856 764 3.2 2.26893
372 772 3.2 0.523599
672 772 3.2 2.44346
776 776 3.2 0.349066
88 788 3.2 0
592 868 3.2 0
2340 876 3.2 -1.5708
1260 892 3.2 -1.39626
764 968 3.2 -1.74533
184 976 3.2 1.39626
1248 984 3.2 2.61799
2428 992 3.2 2.96706
88 996 3.2 0.872665
1564 996 3.2 0
1352 1000 3.2 -1.74533
772 1080 3.2 -1.39626
488 1084 3.2 2.26893
1864 1084 3.2 -2.96706
376 1088 3.2 -0.174533
188 1092 3.2 2.26893
300 1092 3.2 2.44346
1368 1100 3.2 -2.44346
2140 1100 3.2 -2.0944
2252 1104 3.2 0.174533
184 1188 3.2 -1.74533
1840 1188 3.2 0.174533
476 1204 3.2 -2.0944
1960 1204 3.2 0.872665
2340 1204 3.2 0
1652 1212 3.2 -1.91986
1840 1300 3.2 2.26893
380 1304 3.2 0.872665
876 1304 3.2 -0.174533
960 1308 3.2 0
476 1312 3.2 2.96706
1080 1392 3.2 -0.174533
868 1396 3.2 1.39626
1372 1396 3.2 0
2060 1400 3.2 2.96706
1948 1404 3.2 0
80 1412 3.2 -1.5708
276 1412 3.2 2.79253
492 1412 3.2 1.5708
1556 1416 3.2 -1.91986
1664 1416 3.2 1.22173
2432 1416 3.2 0
1452 1424 3.2 1.0472
2432 1496 3.2 0.698132
592 1504 3.2 -0.523599
1568 1504 3.2 -3.14159
192 1508 3.2 0
1164 1524 3.2 0.872665
488 1528 3.2 1.39626
2060 1604 3.2 -2.44346
1660 1612 3.2 2.96706
1844 1612 3.2 -3.14159
272 1620 3.2 -2.96706
176 1624 3.2 1.74533
2132 1624 3.2 1.74533
2532 1628 3.2 -3.14159
1844 1712 3.2 2.96706
1664 1724 3.2 -1.5708
688 1728 3.2 1.5708
1256 1728 3.2 1.5708
1544 1728 3.2 2.96706
1752 1728 3.2 0
1376 1816 3.2 0.174533
1544 1820 3.2 -3.14159
1264 1824 3.2 -3.14159
464 1828 3.2 0.523599
1752 1828 3.2 1.74533
272 1836 3.2 -0.174533
564 1836 3.2 0
1080 256 2.53984 -1.22173
672 1088 2.53984 -0.698132
2448 1184 2.53984 -0.698132
688 1400 2.53984 0.698132
1360 1520 2.53984 1.5708
MATCHES 947
1 154 0.00745083
2 124 0.0446994
4 291 0.0203449
7 208 0.0310992
8 299 0.136297
10 159 0.0165637
16 246 0.185027
17 170 0.0190166
18 1 0
19 2 0
20 3 0
21 4 0
22 5 0
23 6 0
24 7 0
25 8 0
26 9 0
27 10 0
28 11 0
29 12 0
30 13 0
31 14 0
32 16 0
33 18 0
34 20 0
35 21 0
36 23 0
37 24 0
38 25 0
39 26 0
40 27 0
41 28 0
42 29 0
43 30 0
44 31 0
45 32 0
46 33 0
47 34 0
48 35 0
49 36 0
50 38 0
51 39 0
52 40 0
53 41 0
54 43 0
55 44 0
56 45 0
57 46 0
58 47 0
59 48 0
60 49 0
61 50 0
63 51 0
64 52 0
65 53 0
66 54 0
67 55 0
68 56 0
69 58 0
70 59 0
71 60 0
72 226 0.0398797
73 62 0
74 63 0
75 64 0
76 65 0
78 66 0
79 67 0
80 68 0
81 69 0
82 72 0
83 73 0
84 74 0
85 75 0
86 76 0
87 77 0
88 78 0
89 79 0
90 80 0
91 81 0
92 82 0
93 83 0
94 84 0
95 85 0
96 86 0
97 87 0
98 40 0.0878595
99 88 0
100 89 0
101 90 0
102 91 0
103 92 0
104 93 0
105 94 0
106 95 0
107 96 0
108 97 0
109 98 0
110 99 0
111 100 0
113 101 0
114 102 0
115 103 0
116 104 0
117 106 0
119 107 0
120 108 0
121 110 0
122 111 0
123 112 0
124 113 0
125 114 0
126 6 0.0907837
127 115 0
128 116 0
129 117 0
130 118 0
132 286 0.0832447
133 287 0.0677102
136 119 0
137 189 0.0041669
138 120 0
141 121 0
142 122 0
143 123 0
144 124 0
145 125 0
146 126 0
147 127 0
148 128 0
149 129 0
150 130 0
151 131 0
152 132 0
153 134 0
154 135 0
156 137 0
157 138 0
158 139 0
159 140 0
160 141 0
161 142 0
162 143 0
164 145 0
165 146 0
166 147 0
167 148 0
168 149 0
169 150 0
170 151 0
172 153 0
173 154 0
174 155 0
175 156 0
176 157 0
177 158 0
178 159 0
179 160 0
180 161 0
181 162 0
182 164 0
183 165 0
184 166 0
185 167 0
186 168 0
187 169 0
188 170 0
189 171 0
190 173 0
191 174 0
192 175 0
193 176 0
194 177 0
195 178 0
196 179 0
197 180 0
198 181 0
199 182 0
200 183 0
201 184 0
202 185 0
203 186 0
204 187 0
205 188 0
206 189 0
207 190 0
208 191 0
209 193 0
210 195 0
211 197 0
212 198 0
213 200 0
214 201 0
215 202 0
216 204 0
217 206 0
218 207 0
220 210 0.0655742
221 6 0.0319846
222 291 0.0184621
223 208 0
224 209 0
225 211 0
226 212 0
227 213 0
228 214 0
230 215 0
231 216 0
232 217 0
233 218 0
234 219 0
235 220 0
236 221 0
237 222 0
238 223 0
239 224 0
240 226 0
241 151 0.0956435
242 227 0
243 228 0
244 229 0
245 230 0
246 231 0
247 232 0
248 233 0
249 234 0
250 235 0
251 236 0
252 237 0
253 238 0
254 239 0
255 241 0
256 242 0
257 243 0
258 244 0
259 245 0
260 246 0
261 248 0
262 249 0
263 250 0
264 251 0
265 252 0
266 253 0
267 254 0
269 255 0
270 256 0
271 257 0
272 258 0
273 259 0
274 260 0
275 261 0
276 263 0
277 264 0
278 266 0
279 267 0
280 268 0
281 269 0
282 270 0
283 271 0
284 272 0
285 273 0
286 275 0
288 277 0
289 278 0
290 280 0
291 32 0.0225135
292 281 0
293 282 0
294 4 0.265545
295 283 0
296 284 0
297 286 0
298 287 0
299 288 0
300 289 0
301 290 0
302 291 0
303 293 0
304 294 0
305 295 0
306 296 0
307 297 0
308 298 0
309 299 0
310 300 0
311 301 0
312 302 0
313 303 0
314 304 0
315 305 0
316 306 0
317 307 0
318 308 0
319 309 0
320 310 0
321 311 0
322 312 0
323 313 0
325 314 0
326 315 0
327 316 0.000160939
328 317 0.0182441
335 636 0.222816
336 705 0.00931705
339 555 0.064935
341 670 0.0674105
342 671 0.0598501
347 819 0.171199
349 482 0.0402787
350 414 0.042286
351 786 0.246733
355 392 0.00391169
356 746 0.00150233
360 400 0.00754937
363 652 0.140743
365 342 5.2295e-07
366 343 1.0522e-09
367 344 2.72502e-06
368 345 0
369 346 0
370 347 0
371 348 0
372 349 0
373 350 0
374 737 0.193061
375 351 0
376 352 0
377 353 0
379 354 0
380 355 0
381 356 0
382 357 0
383 358 0
384 359 0
385 360 0
386 361 0
387 362 0
388 363 0
389 364 0
390 365 0
391 366 0
392 367 0
393 368 0
394 369 0
395 370 0
396 371 0
397 372 0
398 373 0
399 374 0
400 375 0
401 376 0
402 377 0
403 378 0
404 379 0
405 380 0
406 381 0
407 382 0
408 383 0
409 384 0
410 385 0
411 386 0
412 387 0
413 388 0
414 389 0
415 390 0
416 391 0
417 392 0
418 393 0
419 394 0
420 395 0
421 396 0
422 397 0
423 398 0
424 399 0
425 400 0
426 401 0
427 402 0
428 404 0
429 406 0
430 407 0
431 408 0
432 409 0
433 410 0
434 411 0
435 412 0
436 413 0
437 414 0
438 415 0
439 416 0
440 417 0
441 418 0
442 419 0
443 420 0
444 421 0
445 422 0
446 423 0
447 424 0
448 425 0
449 426 0
450 428 0
451 429 0
452 430 0
453 431 0
454 432 0
455 433 0
456 434 0
457 435 0
458 436 0
459 437 0
460 438 0
461 439 0
462 440 0
463 441 0
464 442 0
465 443 0
466 444 0
467 445 0
468 446 0
469 447 0
470 448 0
471 449 0
472 450 0
473 451 0
474 452 0
475 453 0
476 454 0
477 455 0
478 456 0
479 457 0
480 458 0
481 514 0.0628004
482 459 0
483 460 0
484 461 0
485 462 0
486 463 0
487 464 0
488 465 0
489 467 0
490 468 0
491 469 0
492 470 0
493 471 0
494 472 0
495 473 0
496 476 0
497 477 0
498 478 0
499 479 0
500 480 0
501 636 0.181032
502 481 0
503 482 0
504 483 0
505 484 0
506 485 0
507 486 0
508 487 0
509 488 0
510 489 0
511 490 0
512 491 0
513 492 0
514 493 0
516 494 0
517 495 0
518 496 0
519 497 0
520 498 0
521 499 0
522 500 0
523 501 0
524 502 0
525 503 0
526 504 0
527 505 0
528 506 0
529 507 0
530 508 0
531 509 0
533 510 0
534 511 0
536 512 0
537 513 0
538 514 0
539 515 0
540 516 0
541 517 0
542 518 0
543 519 0
544 520 0
545 521 0
547 522 0
548 523 0
549 524 0
550 525 0
551 526 0
552 527 0
553 528 0
554 529 0
555 530 0
557 531 0
558 532 0
559 533 0
560 534 0
561 535 0
562 536 0
563 537 0
564 538 0
565 539 0
566 540 0
568 542 0
569 544 0
570 545 0
571 546 0
572 547 0
573 548 0
574 549 0
575 550 0
576 551 0
577 552 0
578 553 0
579 554 0
581 556 0
582 557 0
583 558 0
584 559 0
585 560 0
586 561 0
587 563 0
588 564 0
589 565 0
590 566 0
591 567 0
592 568 0
593 886 0.014406
594 569 0
595 570 0
596 571 0
597 572 0
598 573 0
599 574 0
600 576 0
601 577 0
602 578 0
603 579 0
604 580 0
605 489 0.0570254
606 582 0
607 583 0
608 584 0
609 585 0
610 586 0
611 587 0
612 589 0
613 590 0
614 591 0
615 592 0
616 593 0
617 594 0
618 595 0
619 596 0
620 598 0
621 599 0
622 600 0
623 601 0
624 602 0
625 603 0
626 604 0
627 605 0
628 606 0
629 607 0
630 608 0
631 609 0
632 610 0
633 611 0
634 612 0
635 613 0
636 614 0
637 615 0
638 616 0
639 617 0
640 618 0
641 619 0
643 620 0
644 621 0
645 622 0
646 623 0
647 624 0
648 625 0
649 626 0
650 627 0
651 628 0
652 629 0
655 630 0
656 631 0
657 632 0
658 633 0
659 634 0
660 635 0
661 636 0
662 637 0
663 638 0
664 639 0
665 640 0
666 641 0
667 642 0
668 643 0
669 644 0
670 645 0
671 646 0
672 647 0
673 648 0
674 649 0
675 650 0
676 651 0
677 653 0
678 654 0
679 655 0
680 657 0
681 658 0
682 659 0
683 660 0
684 661 0
685 662 0
686 663 0
687 664 0
688 665 0
689 666 0
690 667 0
691 668 0
692 669 0
693 670 0
694 671 0
695 672 0
696 673 0
697 675 0
698 676 0
699 677 0
700 678 0
701 679 0
702 680 0
703 681 0
704 682 0
705 683 0
706 684 0
707 685 0
708 686 0
709 687 0
711 688 0
712 689 0
713 690 0
714 692 0
715 693 0
716 694 0
717 695 0
718 696 0
719 697 0
720 698 0
721 699 0
722 700 0
723 701 0
724 702 0
725 703 0
726 698 0.121273
727 704 0
728 705 0
729 706 0
730 707 0
731 708 0
732 709 0
733 710 0
734 711 0
735 712 0
736 713 0
737 714 0
738 716 0
739 717 0
740 718 0
741 719 0
742 720 0
743 721 0
744 722 0
745 723 0
746 724 0
747 725 0
748 726 0
749 727 0
750 728 0
751 729 0
752 731 0
753 732 0
754 733 0
755 734 0
756 735 0
757 736 0
758 737 0
759 738 0
760 739 0
761 740 0
762 741 0
763 742 0
764 743 0
765 744 0
766 745 0
767 746 0
768 747 0
769 748 0
770 749 0
771 750 0
772 751 0
773 752 0
774 753 0
775 754 0
777 755 0
778 756 0
779 757 0
780 758 0
781 759 0
782 760 0
783 761 0
784 762 0
785 763 0
786 764 0
787 765 0
788 766 0
789 767 0
790 768 0
791 771 0.0732207
792 769 0
793 770 0
794 771 0
795 772 0
796 773 0
797 774 0
798 855 0.0825311
799 775 0
800 776 0
801 777 0
802 778 0
803 779 0
804 780 0
805 781 0
806 782 0
807 783 0
808 784 0
809 785 0
810 786 0
811 787 0
812 788 0
813 789 0
814 790 0
815 791 0
816 792 0
817 794 0
818 795 0
819 796 0
820 797 0
821 798 0
822 800 0
823 801 0
825 802 0
826 803 0
827 804 0
828 805 0
829 806 0
830 807 0
831 809 0
832 810 0
833 811 0
834 812 0
835 814 0
836 817 0
837 818 0
838 819 0
839 820 0
840 821 0
841 822 0
842 823 0
843 824 0
844 827 0
845 828 0
846 829 0
847 830 0
848 831 0
849 832 0
850 551 0.0763389
851 834 0
852 835 0
853 836 0
854 837 0
855 838 0
856 839 0
857 840 0
858 841 0
859 843 0
860 844 0
861 845 0
862 846 0
863 847 0
864 848 0
865 849 0
866 850 0
867 851 0
868 852 0
869 853 0
870 509 0.0547283
872 854 0
873 855 0
874 856 0
875 857 0
876 858 0
877 859 0
878 860 0
879 861 0
880 862 0
881 863 0
882 864 0
883 865 0
884 932 0.00525129
885 866 0
886 867 0
887 868 0
888 869 0
889 870 0
890 871 0
891 875 0
892 876 0
893 877 0
894 878 0
895 879 0
896 880 0
897 881 0
898 882 0
899 883 0
900 884 0
901 885 0
902 886 0
903 887 0
904 888 0
905 889 0
906 890 0
907 891 0
908 892 0
909 893 0
910 894 0
911 895 0
912 896 0
913 897 0
914 898 0
915 899 0
916 901 0
917 902 0
918 903 0
920 904 0
921 905 0
922 906 0
923 907 0
924 908 0
925 909 0
926 910 0
927 635 0.0789572
928 911 0
929 912 0
930 913 0
931 914 0
932 915 0
933 916 0
934 917 0
935 918 0
936 919 0
938 920 0
939 921 0
940 922 0
941 924 0
942 925 0
943 926 0
944 927 0
945 928 0
946 929 0
947 930 0
948 931 0
949 932 0
950 934 0.0123371
952 977 0.168676
954 998 0.208124
956 980 0.11293
958 983 0.146566
959 984 0.199968
962 986 0.141853
963 987 0.0976895
967 991 0.215558
969 993 0.152796
971 995 0.208196
978 999 0.0884954
985 1006 0.0927023
999 1021 0.112262
1000 1034 0.152545
1006 1028 0.12343
1011 1103 0.0733689
1017 1067 0.222776
1020 1098 0.18708
1027 1068 0.144939
1028 1068 0.118817
1031 1018 0.0655243
1033 1051 0.153187
1037 1071 0.14011
1039 1103 0.0772541
1040 1051 0.224879
1043 1061 0.073619
1055 1094 0.107379
1057 1035 0.106921
1058 1018 0.093364
1062 1084 0.0940965
1072 1093 0.0922078
1091 1153 0.116658
1093 1252 0.0950882
1118 1204 0.0670759
1124 1215 0.141583
1125 1265 0.108299
1167 1164 0.063169
1170 1172 0.117443
1172 1199 0.0779595
1184 1198 0.0581179
1204 1142 0.0825424
1209 1202 0.0684413
1212 1248 0.0882078
1220 1233 0.169629
1253 1121 0.0607142
1255 1141 0.0997082
1263 1262 0.105662
1265 1126 0.0851752
1268 1407 0.0916202
1270 1338 0.106986
1271 1405 0.104399
1280 1299 0.0888635
1295 1406 0.0943444
1302 1403 0.0975312
1307 1300 0.105275
1331 1407 0.0795569
1333 1402 0.104454
1348 1412 0.103042
1362 1403 0.0667266
1365 1298 0.111263
1375 1298 0.10277
1390 1348 0.0749439
1391 1314 0.117445
