KEYPOINTS_A 35
308 17 2.53984 -2.44346
419 54 2.53984 -0.349066
298 55 2.53984 -2.26893
190 95 2.53984 -2.96706
140 116 2.53984 2.26893
128 139 2.53984 -3.14159
356 282 2.53984 -2.96706
302 292 2.53984 1.74533
241 310 2.53984 1.39626
255 351 2.53984 0
132 16 3.2 0
202 21 3.2 1.22173
87 76 3.2 2.26893
201 95 3.2 -2.96706
277 96 3.2 0
411 196 3.2 -1.0472
425 213 3.2 -0.523599
212 250 3.2 -2.0944
60 296 3.2 2.61799
16 330 3.2 -0.872665
412 42 2.53984 -0.349066
88 76 2.53984 1.74533
336 136 2.53984 0.174533
70 140 2.53984 -2.26893
412 196 2.53984 -0.872665
466 196 2.53984 -3.14159
348 216 2.53984 2.79253
212 250 2.53984 -2.0944
110 274 2.53984 -0.523599
60 296 2.53984 -0.174533
344 310 2.53984 1.22173
358 340 2.53984 -2.0944
314 344 2.53984 -0.349066
104 150 3.2 1.74533
420 150 3.2 -0.698132
KEYPOINTS_B 31
390 32 2.53984 -0.349066
269 33 2.53984 -2.26893
161 73 2.53984 -2.96706
111 94 2.53984 2.26893
99 117 2.53984 -3.14159
327 260 2.53984 -2.96706
273 270 2.53984 1.74533
212 288 2.53984 1.39626
226 329 2.53984 0
58 54 3.2 2.26893
172 73 3.2 -2.96706
248 74 3.2 0
382 174 3.2 -1.0472
396 191 3.2 -0.523599
183 228 3.2 -2.0944
31 274 3.2 2.61799
378 353 3.2 -2.79253
308 114 2.53984 -2.79253
40 118 2.53984 -2.26893
438 174 2.53984 1.5708
320 194 2.53984 2.79253
184 228 2.53984 -2.0944
80 252 2.53984 -0.523599
30 274 2.53984 -0.174533
314 288 2.53984 1.22173
328 318 2.53984 -2.0944
284 322 2.53984 -0.698132
378 354 2.53984 -3.14159
76 128 3.2 1.74533
392 128 3.2 -0.698132
132 332 2.53984 -1.5708
MATCHES 21
1 0 0
2 1 0
3 2 0
4 3 0
5 4 0
6 5 0
7 6 0
8 7 0
9 8 0.0242774
12 9 0
13 10 0
14 11 0
15 12 0
16 13 0
17 14 0
18 15 0
23 18 0.210379
30 24 0.178538
31 25 0.161171
33 28 0.167276
34 29 0.138693
