KEYPOINTS_A 52
256 41 2.53984 -2.96706
319 155 2.53984 2.26893
215 165 2.53984 0
429 166 2.53984 -0.349066
341 172 2.53984 1.5708
223 243 2.53984 1.74533
426 245 2.53984 -1.91986
293 253 2.53984 0.523599
534 271 2.53984 0
115 331 2.53984 -1.5708
590 335 2.53984 -2.61799
507 344 2.53984 0.174533
18 384 2.53984 1.39626
239 408 2.53984 -1.5708
629 433 2.53984 -2.96706
257 457 2.53984 -1.5708
567 44 3.2 2.0944
137 69 3.2 1.39626
45 161 3.2 0.174533
55 240 3.2 -2.26893
582 252 3.2 0.174533
631 275 3.2 -2.44346
599 309 3.2 -0.174533
356 347 3.2 2.0944
538 363 3.2 0.698132
541 453 3.2 -0.872665
110 20 2.53984 -0.174533
280 24 2.53984 2.61799
568 44 2.53984 -0.872665
608 68 2.53984 -3.14159
264 138 2.53984 1.39626
152 174 2.53984 1.74533
16 230 2.53984 2.44346
362 294 2.53984 1.22173
598 308 2.53984 2.61799
470 324 2.53984 1.0472
162 390 2.53984 -2.0944
426 396 2.53984 -1.39626
410 442 2.53984 1.0472
100 456 2.53984 -2.0944
68 458 2.53984 -1.5708
56 110 3.2 -3.14159
300 130 3.2 2.96706
200 134 3.2 1.0472
600 180 3.2 0.174533
304 246 3.2 0.174533
348 96 2.53984 -1.91986
300 132 2.53984 2.96706
116 248 2.53984 -1.39626
144 348 2.53984 1.5708
560 240 3.2 -1.5708
276 248 3.2 0
KEYPOINTS_B 59
218 12 2.53984 -2.96706
634 59 2.53984 2.79253
281 126 2.53984 2.26893
177 136 2.53984 0
391 137 2.53984 -0.349066
303 143 2.53984 1.5708
185 214 2.53984 1.74533
388 216 2.53984 -1.91986
255 224 2.53984 0.523599
496 242 2.53984 0
77 302 2.53984 -1.5708
552 306 2.53984 -2.61799
469 315 2.53984 0.174533
201 379 2.53984 -1.5708
591 404 2.53984 -2.96706
219 428 2.53984 -1.5708
411 455 2.53984 1.5708
529 15 3.2 2.0944
99 40 3.2 1.39626
630 104 3.2 0.174533
7 132 3.2 0.174533
17 211 3.2 -2.26893
544 223 3.2 0.174533
593 246 3.2 -2.44346
561 280 3.2 -0.174533
624 293 3.2 -1.22173
318 318 3.2 2.0944
500 334 3.2 0.698132
503 424 3.2 -0.872665
144 474 3.2 -1.5708
530 16 2.53984 -0.523599
570 40 2.53984 2.44346
226 110 2.53984 1.39626
114 146 2.53984 -2.0944
602 188 2.53984 -2.44346
594 246 2.53984 -2.44346
324 264 2.53984 1.22173
560 280 2.53984 2.61799
622 292 2.53984 1.74533
434 294 2.53984 1.0472
124 360 2.53984 -1.91986
388 368 2.53984 1.0472
372 412 2.53984 1.0472
30 428 2.53984 -1.5708
62 428 2.53984 1.74533
520 466 2.53984 2.96706
18 82 3.2 -2.79253
262 102 3.2 2.96706
162 106 3.2 1.0472
560 152 3.2 -3.14159
266 216 3.2 0.174533
58 462 3.2 -1.22173
312 64 2.53984 1.39626
264 100 2.53984 2.96706
108 320 2.53984 1.74533
524 212 3.2 -1.74533
80 216 3.2 1.39626
240 220 3.2 0
592 468 3.2 -2.79253
MATCHES 31
0 0 5.83387e-05
1 2 0
2 3 0
3 4 0
4 5 0
5 6 0
6 7 0
7 8 0
8 9 0
9 10 0
10 11 0
11 12 0
13 13 0
14 14 0.00878747
15 15 0
16 17 0
17 18 0
19 21 0
20 22 0
21 23 0.182606
22 24 0
23 26 0
24 27 0
25 28 0
26 31 0.156939
29 31 0.16306
33 36 0.142801
34 37 0.208736
37 36 0.149927
42 18 0.128622
45 50 0.189555
