KEYPOINTS_A 148
509 30 2.53984 2.44346
566 44 2.53984 -0.698132
69 48 2.53984 -0.349066
599 69 2.53984 0
744 88 2.53984 -1.5708
673 108 2.53984 2.44346
253 116 2.53984 -0.872665
292 124 2.53984 -2.44346
525 163 2.53984 1.74533
652 174 2.53984 1.91986
502 200 2.53984 1.22173
793 236 2.53984 1.0472
181 247 2.53984 0.872665
764 249 2.53984 -1.74533
62 264 2.53984 -2.79253
488 275 2.53984 -3.14159
745 309 2.53984 0
82 412 2.53984 -2.26893
191 448 2.53984 1.39626
669 481 2.53984 -3.14159
637 513 2.53984 -2.61799
632 520 2.53984 0.523599
726 521 2.53984 2.26893
158 531 2.53984 -1.74533
593 538 2.53984 0.174533
594 578 2.53984 2.96706
93 592 2.53984 -2.0944
101 13 3.2 2.79253
376 15 3.2 -2.96706
1 39 3.2 -2.61799
290 39 3.2 -1.74533
303 43 3.2 0
234 44 3.2 1.39626
283 60 3.2 0
93 72 3.2 1.39626
421 75 3.2 -1.39626
439 87 3.2 1.91986
524 92 3.2 -0.698132
358 145 3.2 1.5708
327 150 3.2 0
614 151 3.2 -2.26893
122 165 3.2 -2.61799
559 234 3.2 -1.39626
411 237 3.2 0.349066
19 266 3.2 -1.74533
131 282 3.2 -1.5708
369 301 3.2 -1.91986
12 303 3.2 -1.5708
67 311 3.2 -2.61799
141 335 3.2 2.96706
779 342 3.2 -3.14159
50 350 3.2 2.44346
600 352 3.2 2.26893
402 368 3.2 -2.79253
374 369 3.2 -3.14159
261 409 3.2 -2.0944
53 420 3.2 0.174533
361 431 3.2 -2.96706
673 439 3.2 -1.22173
446 463 3.2 -0.698132
439 468 3.2 -0.698132
642 469 3.2 0.872665
532 480 3.2 0.698132
583 491 3.2 -2.0944
698 506 3.2 -2.0944
26 514 3.2 -0.523599
427 516 3.2 -1.39626
311 539 3.2 1.91986
31 540 3.2 -2.79253
91 540 3.2 -2.96706
102 12 2.53984 -0.349066
558 48 2.53984 -0.349066
134 52 2.53984 -1.39626
514 58 2.53984 1.91986
378 82 2.53984 -2.44346
202 84 2.53984 0.349066
548 92 2.53984 1.5708
278 110 2.53984 2.61799
472 148 2.53984 -1.74533
108 162 2.53984 -2.79253
652 174 2.53984 1.91986
356 192 2.53984 1.74533
482 200 2.53984 -1.39626
198 258 2.53984 -1.74533
528 262 2.53984 2.96706
636 280 2.53984 2.26893
132 282 2.53984 2.96706
370 300 2.53984 -2.44346
66 310 2.53984 -2.61799
142 336 2.53984 -0.174533
778 342 2.53984 -0.872665
50 350 2.53984 -3.14159
600 352 2.53984 -2.0944
764 360 2.53984 -0.872665
112 366 2.53984 0
330 388 2.53984 -2.0944
204 390 2.53984 0.174533
604 396 2.53984 1.74533
260 410 2.53984 -2.26893
40 416 2.53984 0.349066
92 438 2.53984 -2.0944
422 440 2.53984 1.39626
672 440 2.53984 2.26893
194 466 2.53984 -1.74533
532 480 2.53984 0.698132
774 486 2.53984 -1.91986
284 488 2.53984 -1.5708
636 490 2.53984 2.96706
330 502 2.53984 -2.61799
366 504 2.53984 2.96706
26 512 2.53984 2.44346
428 516 2.53984 0
530 516 2.53984 -0.872665
634 516 2.53984 -2.44346
252 534 2.53984 0.349066
266 570 2.53984 -1.91986
560 576 2.53984 1.39626
652 590 2.53984 0
518 24 3.2 2.61799
230 30 3.2 1.5708
160 106 3.2 -3.14159
716 110 3.2 -2.44346
436 164 3.2 -0.523599
340 238 3.2 2.44346
788 242 3.2 -1.22173
376 274 3.2 2.61799
484 410 3.2 2.26893
166 440 3.2 2.0944
602 460 3.2 -2.61799
618 494 3.2 2.96706
28 546 3.2 -2.96706
292 550 3.2 -0.523599
156 580 3.2 -2.96706
232 32 2.53984 -0.174533
28 76 2.53984 -2.26893
660 160 2.53984 1.91986
492 176 2.53984 1.0472
108 228 2.53984 -3.14159
200 284 2.53984 -1.74533
156 464 2.53984 1.91986
492 504 2.53984 -1.91986
504 532 2.53984 -1.91986
220 552 2.53984 1.74533
284 24 3.2 -0.174533
344 84 3.2 -1.91986
152 228 3.2 -3.14159
524 312 3.2 -1.5708
500 460 3.2 1.74533
KEYPOINTS_B 159
473 4 2.53984 -0.349066
557 5 2.53984 1.74533
375 9 2.53984 1.91986
104 20 2.53984 -0.174533
795 23 2.53984 0.872665
776 35 2.53984 1.74533
757 48 2.53984 1.22173
139 51 2.53984 1.5708
59 59 2.53984 1.5708
722 64 2.53984 2.96706
568 73 2.53984 1.5708
701 89 2.53984 -2.0944
449 121 2.53984 0
711 151 2.53984 2.44346
446 164 2.53984 0.698132
224 192 2.53984 -3.14159
186 203 2.53984 -1.39626
467 237 2.53984 -0.523599
722 338 2.53984 -2.96706
791 349 2.53984 1.5708
181 352 2.53984 0.174533
708 382 2.53984 -2.96706
706 390 2.53984 0
425 413 2.53984 0.698132
680 424 2.53984 -0.174533
699 459 2.53984 2.96706
23 488 2.53984 0.174533
18 511 2.53984 1.39626
281 527 2.53984 0.174533
168 544 2.53984 -2.79253
526 575 2.53984 0.872665
5 44 3.2 -1.5708
249 57 3.2 2.79253
416 58 3.2 -1.0472
203 67 3.2 1.74533
523 70 3.2 -3.14159
316 89 3.2 -1.74533
338 93 3.2 1.39626
197 115 3.2 -0.523599
184 117 3.2 -2.0944
788 122 3.2 0.174533
187 139 3.2 -0.523599
136 147 3.2 0.872665
757 165 3.2 2.96706
512 168 3.2 1.5708
4 180 3.2 1.91986
292 180 3.2 -2.0944
267 199 3.2 -0.174533
23 235 3.2 1.0472
381 238 3.2 -3.14159
602 255 3.2 1.91986
706 300 3.2 1.74533
91 306 3.2 -3.14159
373 314 3.2 -2.26893
692 340 3.2 2.96706
759 348 3.2 -2.61799
432 359 3.2 2.96706
408 373 3.2 2.61799
650 387 3.2 -2.61799
599 401 3.2 0.174533
153 406 3.2 -1.91986
82 421 3.2 2.96706
515 424 3.2 -1.22173
512 432 3.2 -1.22173
425 434 3.2 -3.14159
45 442 3.2 1.5708
185 448 3.2 2.44346
108 460 3.2 -3.14159
326 460 3.2 1.22173
11 475 3.2 -2.44346
55 479 3.2 -1.5708
523 480 3.2 1.0472
15 487 3.2 0.174533
111 503 3.2 1.74533
9 539 3.2 -0.349066
292 541 3.2 -2.0944
429 553 3.2 1.5708
81 557 3.2 -3.14159
145 564 3.2 -0.174533
531 583 3.2 0.872665
734 592 3.2 0.698132
392 32 2.53984 1.39626
438 48 2.53984 1.5708
202 66 2.53984 1.91986
568 74 2.53984 1.5708
282 116 2.53984 -2.96706
788 122 2.53984 -0.174533
394 132 2.53984 1.22173
768 132 2.53984 -0.174533
448 162 2.53984 -2.44346
756 166 2.53984 -1.39626
428 172 2.53984 -1.91986
602 176 2.53984 -0.872665
206 186 2.53984 2.0944
752 188 2.53984 -1.39626
126 198 2.53984 -0.174533
52 200 2.53984 1.22173
496 208 2.53984 0.698132
312 224 2.53984 1.5708
602 256 2.53984 -2.61799
626 294 2.53984 -1.5708
78 308 2.53984 -3.14159
374 314 2.53984 -2.79253
200 354 2.53984 -2.26893
698 362 2.53984 2.44346
706 386 2.53984 -2.96706
600 400 2.53984 0.174533
378 410 2.53984 -2.44346
484 414 2.53984 -2.26893
614 432 2.53984 -1.39626
758 444 2.53984 -0.698132
186 450 2.53984 -0.698132
326 460 2.53984 -2.61799
266 468 2.53984 -0.349066
668 472 2.53984 0.872665
174 490 2.53984 -0.872665
462 498 2.53984 -1.39626
110 504 2.53984 -1.39626
430 512 2.53984 -3.14159
382 520 2.53984 2.96706
292 542 2.53984 -2.26893
82 558 2.53984 -0.349066
188 562 2.53984 -2.61799
130 566 2.53984 -0.174533
376 576 2.53984 -2.96706
734 592 2.53984 0.349066
428 2 3.2 2.61799
718 28 3.2 1.39626
52 62 3.2 -2.61799
720 72 3.2 -1.5708
134 90 3.2 0.349066
126 138 3.2 1.0472
372 162 3.2 2.44346
98 236 3.2 2.61799
318 272 3.2 2.0944
368 286 3.2 -1.22173
654 350 3.2 -2.96706
524 360 3.2 2.0944
684 374 3.2 2.44346
12 480 3.2 0.349066
256 530 3.2 1.5708
560 556 3.2 2.0944
416 572 3.2 -0.872665
568 56 2.53984 1.39626
136 88 2.53984 0.349066
128 136 2.53984 -0.523599
424 148 2.53984 0.523599
108 368 2.53984 2.61799
216 376 2.53984 -2.26893
576 440 2.53984 1.22173
600 460 2.53984 -2.26893
780 480 2.53984 2.96706
256 556 2.53984 1.39626
592 572 2.53984 1.74533
172 104 3.2 0.349066
252 132 3.2 -2.44346
516 256 3.2 -1.91986
144 348 3.2 2.61799
560 396 3.2 1.22173
MATCHES 44
5 111 0.0837337
10 14 0.299824
17 29 0.180421
21 22 0.368462
25 11 0.16282
27 34 0.157994
30 39 0.356054
31 38 0.183757
32 42 0.282967
33 41 0.168722
36 67 0.200288
38 64 0.0442662
42 73 0.131016
55 35 0.184748
59 62 0.199033
60 63 0.281288
63 58 0.148622
64 55 0.174483
66 68 0.10646
74 85 0.221242
77 93 0.198657
80 84 0.409789
82 91 0.261649
87 102 0.249517
90 90 0.266297
91 12 0.11493
92 99 0.219324
95 107 0.177879
100 122 0.182383
103 120 0.296729
104 106 0.151778
107 104 0.255297
108 118 0.16172
112 109 0.295415
113 105 0.195754
120 133 0.168338
123 134 0.210946
135 143 0.123584
136 146 0.274106
137 147 0.168606
138 148 0.118856
139 152 0.221809
144 155 0.133136
145 157 0.185593
