KEYPOINTS_A 213
482 17 2.53984 0.698132
447 33 2.53984 1.91986
607 34 2.53984 0
581 35 2.53984 0.698132
148 57 2.53984 2.79253
652 61 2.53984 -0.523599
257 65 2.53984 -1.5708
248 86 2.53984 -1.0472
121 112 2.53984 -1.39626
368 167 2.53984 -2.96706
50 179 2.53984 2.0944
280 183 2.53984 1.22173
709 186 2.53984 1.74533
178 207 2.53984 0.174533
243 229 2.53984 2.44346
856 266 2.53984 -0.174533
53 330 2.53984 -0.174533
793 351 2.53984 -1.5708
652 357 2.53984 -0.349066
13 358 2.53984 0.174533
670 378 2.53984 -1.39626
209 380 2.53984 -1.39626
968 383 2.53984 1.74533
681 409 2.53984 -1.91986
289 444 2.53984 2.0944
1005 507 2.53984 1.5708
375 526 2.53984 -2.79253
20 538 2.53984 0
569 559 2.53984 0.523599
393 567 2.53984 2.44346
242 586 2.53984 2.44346
154 593 2.53984 -1.39626
594 614 2.53984 1.39626
35 620 2.53984 -0.523599
926 626 2.53984 2.26893
51 628 2.53984 2.0944
255 644 2.53984 1.39626
931 648 2.53984 -1.39626
819 653 2.53984 -1.74533
321 656 2.53984 1.74533
391 700 2.53984 0.872665
922 710 2.53984 -2.0944
228 717 2.53984 2.96706
922 722 2.53984 -2.79253
950 735 2.53984 2.26893
897 736 2.53984 2.79253
357 746 2.53984 -1.74533
554 748 2.53984 -3.14159
299 14 3.2 -0.349066
486 51 3.2 -2.96706
932 66 3.2 2.79253
485 86 3.2 1.39626
75 109 3.2 2.79253
56 114 3.2 1.74533
605 135 3.2 -2.79253
283 151 3.2 -2.0944
439 153 3.2 -1.5708
33 155 3.2 2.26893
792 157 3.2 -1.74533
610 176 3.2 1.5708
550 177 3.2 -0.523599
654 224 3.2 1.91986
930 236 3.2 0.698132
432 256 3.2 -0.698132
281 261 3.2 -1.91986
329 261 3.2 0
609 269 3.2 0.523599
283 273 3.2 -1.91986
459 284 3.2 -3.14159
584 306 3.2 -2.44346
483 335 3.2 2.26893
1013 339 3.2 1.22173
325 343 3.2 1.74533
603 349 3.2 -1.91986
436 356 3.2 -2.26893
550 369 3.2 -2.79253
696 378 3.2 -2.61799
354 383 3.2 -1.74533
271 385 3.2 -3.14159
297 400 3.2 1.22173
846 403 3.2 1.74533
954 412 3.2 2.0944
239 430 3.2 0
197 433 3.2 -2.26893
284 451 3.2 2.0944
790 492 3.2 -1.22173
129 504 3.2 -1.5708
787 504 3.2 -1.22173
416 528 3.2 -2.0944
573 530 3.2 1.39626
348 536 3.2 1.22173
804 543 3.2 0.523599
76 549 3.2 2.96706
12 565 3.2 -2.96706
963 568 3.2 2.44346
937 581 3.2 -1.22173
153 583 3.2 -1.39626
455 588 3.2 2.26893
24 603 3.2 0.872665
676 624 3.2 -0.174533
788 633 3.2 -2.61799
456 676 3.2 -0.698132
135 679 3.2 -0.174533
461 694 3.2 1.5708
110 710 3.2 -2.61799
695 712 3.2 -2.44346
429 743 3.2 1.74533
947 744 3.2 2.0944
257 753 3.2 2.26893
232 30 2.53984 0.523599
768 34 2.53984 -1.5708
108 44 2.53984 -1.39626
364 62 2.53984 1.39626
738 62 2.53984 0.698132
518 64 2.53984 -2.96706
140 90 2.53984 -2.61799
628 100 2.53984 -3.14159
56 114 2.53984 2.79253
766 122 2.53984 1.5708
124 146 2.53984 1.5708
622 156 2.53984 0.174533
412 162 2.53984 -1.74533
642 168 2.53984 -1.91986
550 178 2.53984 2.96706
930 236 2.53984 1.91986
304 258 2.53984 -0.872665
494 288 2.53984 1.5708
740 300 2.53984 -0.174533
748 318 2.53984 -0.349066
1012 338 2.53984 -3.14159
326 342 2.53984 2.96706
510 342 2.53984 -1.5708
932 372 2.53984 1.0472
432 382 2.53984 1.74533
234 390 2.53984 -0.698132
440 408 2.53984 1.0472
412 414 2.53984 2.44346
766 424 2.53984 0
926 446 2.53984 1.0472
728 458 2.53984 -2.26893
938 464 2.53984 1.0472
608 482 2.53984 -1.22173
732 488 2.53984 2.79253
32 494 2.53984 0
936 522 2.53984 0.872665
416 528 2.53984 -2.0944
804 544 2.53984 -2.44346
854 550 2.53984 -2.26893
574 554 2.53984 0.523599
514 570 2.53984 -2.26893
936 580 2.53984 -1.0472
792 586 2.53984 0
590 592 2.53984 -1.74533
650 602 2.53984 1.5708
1010 602 2.53984 -0.174533
766 612 2.53984 0.698132
876 628 2.53984 -2.44346
788 632 2.53984 0.698132
116 634 2.53984 0.174533
188 652 2.53984 1.5708
40 656 2.53984 0.523599
752 660 2.53984 -0.698132
432 672 2.53984 1.22173
760 684 2.53984 -1.91986
782 692 2.53984 1.0472
98 724 2.53984 1.0472
700 742 2.53984 -1.5708
450 758 2.53984 0.698132
698 758 2.53984 -1.5708
390 760 2.53984 0
910 56 3.2 0.349066
150 58 3.2 2.96706
726 154 3.2 0
832 228 3.2 -0.174533
446 242 3.2 -0.698132
54 268 3.2 0.698132
402 284 3.2 2.0944
40 362 3.2 -1.39626
682 414 3.2 2.79253
340 454 3.2 -0.698132
894 462 3.2 -0.872665
426 550 3.2 -2.0944
496 554 3.2 -2.26893
934 634 3.2 -1.22173
150 658 3.2 0.523599
130 718 3.2 -2.79253
922 718 3.2 -1.91986
438 722 3.2 -1.0472
430 742 3.2 -1.0472
940 744 3.2 2.26893
528 32 2.53984 -1.39626
660 140 2.53984 -1.91986
256 220 2.53984 2.0944
772 304 2.53984 -0.174533
100 344 2.53984 -1.74533
1000 460 2.53984 -3.14159
872 480 2.53984 -0.872665
708 496 2.53984 2.61799
712 636 2.53984 2.79253
152 656 2.53984 2.96706
916 696 2.53984 1.74533
192 96 3.2 0.523599
928 100 3.2 2.79253
232 128 3.2 0.523599
768 152 3.2 1.5708
924 264 3.2 1.91986
372 336 3.2 -1.22173
648 572 3.2 1.5708
476 600 3.2 1.74533
464 648 3.2 1.74533
568 668 3.2 2.44346
192 720 3.2 -2.96706
260 732 3.2 -3.14159
KEYPOINTS_B 242
966 16 2.53984 -1.74533
110 48 2.53984 -3.14159
835 63 2.53984 2.0944
130 87 2.53984 -2.44346
796 87 2.53984 0.174533
223 89 2.53984 -0.872665
24 118 2.53984 -0.349066
86 118 2.53984 0.872665
293 128 2.53984 2.96706
685 143 2.53984 2.96706
965 158 2.53984 -0.349066
119 171 2.53984 -1.39626
879 194 2.53984 2.79253
429 198 2.53984 2.79253
105 208 2.53984 -1.74533
457 220 2.53984 1.5708
16 226 2.53984 1.5708
940 235 2.53984 -0.523599
545 260 2.53984 -0.174533
102 265 2.53984 1.39626
620 314 2.53984 -0.698132
918 322 2.53984 -2.26893
961 336 2.53984 -0.349066
733 338 2.53984 0.872665
191 354 2.53984 -2.44346
996 357 2.53984 -0.523599
251 364 2.53984 1.39626
399 370 2.53984 1.39626
871 384 2.53984 1.22173
907 411 2.53984 0.698132
473 427 2.53984 -1.0472
941 442 2.53984 2.79253
172 450 2.53984 -1.5708
920 458 2.53984 0
651 490 2.53984 0.698132
632 529 2.53984 2.79253
127 555 2.53984 0
26 584 2.53984 2.44346
761 600 2.53984 -1.0472
565 628 2.53984 1.39626
108 638 2.53984 -1.5708
587 639 2.53984 2.61799
99 647 2.53984 2.44346
398 663 2.53984 2.44346
84 666 2.53984 -1.5708
765 684 2.53984 0.872665
171 691 2.53984 -2.61799
429 715 2.53984 -1.5708
489 717 2.53984 -2.26893
409 727 2.53984 -1.39626
788 744 2.53984 2.79253
987 19 3.2 1.0472
35 35 3.2 -0.872665
555 43 3.2 -1.0472
840 43 3.2 1.91986
658 54 3.2 2.26893
216 65 3.2 -2.79253
655 85 3.2 0.349066
915 88 3.2 1.22173
793 102 3.2 -1.22173
399 104 3.2 1.74533
639 115 3.2 -0.349066
877 131 3.2 0
400 133 3.2 -1.39626
501 140 3.2 -0.349066
772 145 3.2 -0.174533
166 157 3.2 -1.22173
543 178 3.2 -2.96706
630 189 3.2 1.74533
474 202 3.2 1.22173
187 208 3.2 -0.523599
483 222 3.2 -1.0472
501 227 3.2 -2.96706
729 236 3.2 1.39626
748 254 3.2 0.174533
297 259 3.2 -2.96706
348 262 3.2 -1.0472
463 263 3.2 0.872665
31 274 3.2 -0.349066
226 291 3.2 2.61799
477 315 3.2 -1.91986
14 316 3.2 -1.0472
843 318 3.2 1.39626
132 323 3.2 -2.26893
199 331 3.2 -2.96706
783 334 3.2 -0.174533
401 337 3.2 -1.74533
823 342 3.2 2.0944
270 347 3.2 -2.96706
369 353 3.2 2.44346
615 364 3.2 -1.0472
114 388 3.2 1.5708
419 402 3.2 0.349066
663 411 3.2 0.872665
810 419 3.2 -1.74533
348 427 3.2 1.22173
383 440 3.2 1.5708
901 450 3.2 2.0944
890 473 3.2 -0.872665
883 482 3.2 -0.872665
986 494 3.2 0.523599
582 550 3.2 -0.349066
280 560 3.2 2.96706
871 566 3.2 0.698132
585 581 3.2 2.61799
70 583 3.2 0.349066
709 607 3.2 1.91986
44 608 3.2 1.5708
882 619 3.2 -0.523599
246 623 3.2 0.523599
155 627 3.2 1.74533
607 629 3.2 2.61799
107 630 3.2 -1.5708
351 653 3.2 -0.174533
711 667 3.2 -0.523599
148 677 3.2 -1.22173
37 680 3.2 -1.91986
748 686 3.2 1.91986
984 710 3.2 -1.0472
279 711 3.2 2.96706
103 717 3.2 2.61799
449 722 3.2 2.96706
888 731 3.2 -2.61799
846 18 2.53984 -3.14159
986 20 2.53984 0.174533
356 24 2.53984 0.698132
808 26 2.53984 -2.26893
554 42 2.53984 -0.872665
342 50 2.53984 -0.872665
658 54 2.53984 2.44346
42 62 2.53984 -1.74533
938 108 2.53984 0.872665
640 116 2.53984 -0.523599
698 138 2.53984 2.79253
502 140 2.53984 -0.174533
448 150 2.53984 -1.39626
166 156 2.53984 -1.39626
208 158 2.53984 1.5708
542 180 2.53984 -2.96706
226 196 2.53984 1.22173
524 204 2.53984 1.39626
188 208 2.53984 -2.79253
214 220 2.53984 -1.0472
246 222 2.53984 1.5708
482 222 2.53984 1.22173
406 226 2.53984 -2.79253
650 232 2.53984 -2.44346
810 232 2.53984 -0.174533
776 244 2.53984 -1.5708
748 254 2.53984 -1.39626
296 260 2.53984 -2.79253
148 270 2.53984 -3.14159
820 272 2.53984 -0.349066
744 280 2.53984 -2.96706
662 286 2.53984 1.5708
434 290 2.53984 -0.698132
1002 292 2.53984 0.174533
114 302 2.53984 0.872665
156 308 2.53984 2.79253
478 316 2.53984 -2.0944
314 324 2.53984 -2.96706
824 342 2.53984 1.74533
270 346 2.53984 0
368 352 2.53984 2.44346
864 354 2.53984 -1.0472
616 366 2.53984 1.5708
476 378 2.53984 2.44346
340 384 2.53984 -2.96706
1000 390 2.53984 1.74533
714 400 2.53984 -1.5708
210 406 2.53984 2.96706
834 430 2.53984 -2.61799
538 446 2.53984 -3.14159
494 448 2.53984 2.79253
708 466 2.53984 -1.74533
494 472 2.53984 1.5708
662 498 2.53984 0.698132
458 512 2.53984 -0.523599
442 518 2.53984 -0.523599
702 528 2.53984 1.5708
932 532 2.53984 -1.39626
240 534 2.53984 1.39626
528 536 2.53984 -2.96706
128 556 2.53984 0
444 556 2.53984 -0.523599
280 560 2.53984 2.96706
528 576 2.53984 -1.91986
586 584 2.53984 2.44346
104 586 2.53984 -1.39626
266 588 2.53984 -1.5708
422 602 2.53984 -1.22173
668 602 2.53984 2.79253
44 608 2.53984 -2.26893
710 608 2.53984 -1.5708
882 620 2.53984 -0.698132
696 630 2.53984 0
230 658 2.53984 -1.5708
732 672 2.53984 2.61799
104 718 2.53984 2.79253
182 718 2.53984 -3.14159
450 722 2.53984 2.0944
888 730 2.53984 -2.61799
760 756 2.53984 -0.349066
616 42 3.2 -3.14159
62 50 3.2 -2.61799
132 322 3.2 -2.26893
1020 322 3.2 2.79253
490 332 3.2 -2.0944
228 348 3.2 -1.39626
618 386 3.2 1.5708
564 454 3.2 -3.14159
148 556 3.2 0
820 706 3.2 -0.872665
968 734 3.2 2.79253
952 92 2.53984 0
824 164 2.53984 1.22173
560 224 2.53984 -0.523599
76 236 2.53984 0
932 264 2.53984 -1.5708
588 336 2.53984 -2.44346
384 340 2.53984 2.44346
148 344 2.53984 0
148 464 2.53984 -0.523599
268 488 2.53984 0.174533
964 492 2.53984 -3.14159
304 560 2.53984 2.79253
768 572 2.53984 -1.22173
384 576 2.53984 -0.872665
80 628 2.53984 -2.44346
780 676 2.53984 0.872665
536 708 2.53984 -3.14159
940 736 2.53984 2.96706
972 736 2.53984 2.96706
224 64 3.2 -1.5708
900 68 3.2 2.26893
128 188 3.2 -0.698132
196 280 3.2 -0.523599
936 332 3.2 -1.5708
452 396 3.2 1.0472
600 536 3.2 -2.0944
196 564 3.2 -2.79253
508 628 3.2 -1.22173
MATCHES 15
17 169 0.111625
18 12 0.0977137
20 180 0.158626
37 34 0.214532
39 49 0.076704
47 241 0.165416
86 186 0.165585
90 60 0.132563
97 86 0.27059
98 84 0.380105
133 127 0.157522
162 158 0.254997
179 77 0.103978
187 209 0.213145
197 98 0.337239
