KEYPOINTS_A 467
667 15 2.53984 -1.39626
1020 21 2.53984 -1.22173
453 34 2.53984 1.22173
547 45 2.53984 -0.349066
960 57 2.53984 -2.96706
931 68 2.53984 -0.174533
1026 73 2.53984 -2.96706
134 81 2.53984 -3.14159
1162 98 2.53984 -0.698132
93 101 2.53984 1.5708
113 104 2.53984 -2.44346
1266 109 2.53984 0.698132
903 113 2.53984 1.74533
593 126 2.53984 2.44346
1065 129 2.53984 -1.74533
243 131 2.53984 1.74533
894 135 2.53984 -1.0472
698 148 2.53984 1.5708
1081 150 2.53984 -2.96706
640 153 2.53984 -2.79253
678 175 2.53984 0
789 175 2.53984 2.79253
1089 200 2.53984 2.0944
57 228 2.53984 2.61799
313 233 2.53984 1.5708
280 234 2.53984 2.61799
1019 246 2.53984 -1.39626
249 252 2.53984 0
538 266 2.53984 -0.174533
1229 278 2.53984 2.44346
124 281 2.53984 -0.174533
655 296 2.53984 -2.44346
633 302 2.53984 0.872665
998 313 2.53984 2.26893
53 319 2.53984 -0.698132
930 319 2.53984 2.96706
838 329 2.53984 -2.96706
381 333 2.53984 0.698132
635 336 2.53984 -2.44346
46 337 2.53984 0.349066
1176 338 2.53984 2.96706
1251 346 2.53984 1.5708
810 352 2.53984 0.349066
605 364 2.53984 -2.96706
27 368 2.53984 2.44346
418 372 2.53984 1.22173
507 377 2.53984 -3.14159
672 378 2.53984 1.5708
402 379 2.53984 -2.0944
630 379 2.53984 -0.174533
1106 383 2.53984 -0.174533
994 386 2.53984 -0.349066
583 398 2.53984 -2.96706
601 400 2.53984 2.61799
785 402 2.53984 1.5708
518 424 2.53984 2.26893
969 431 2.53984 0.174533
352 436 2.53984 2.96706
459 442 2.53984 -3.14159
401 446 2.53984 2.61799
40 452 2.53984 -0.872665
692 487 2.53984 -2.96706
832 488 2.53984 2.26893
342 507 2.53984 1.74533
715 536 2.53984 -2.0944
1086 536 2.53984 -1.0472
1104 539 2.53984 -0.872665
432 547 2.53984 0.349066
161 559 2.53984 0.349066
938 562 2.53984 -1.0472
1188 562 2.53984 1.91986
1156 563 2.53984 -2.79253
646 572 2.53984 -3.14159
654 573 2.53984 -0.872665
325 586 2.53984 -1.5708
444 591 2.53984 0
411 605 2.53984 1.5708
516 606 2.53984 -2.79253
1157 613 2.53984 1.74533
692 616 2.53984 -1.22173
753 620 2.53984 -3.14159
275 625 2.53984 -0.523599
1011 631 2.53984 -2.0944
189 641 2.53984 -0.872665
368 642 2.53984 0
806 653 2.53984 0.174533
327 655 2.53984 1.74533
1136 657 2.53984 0.349066
1095 665 2.53984 0
175 671 2.53984 2.96706
727 675 2.53984 -1.39626
652 679 2.53984 2.44346
1125 684 2.53984 -3.14159
787 695 2.53984 2.0944
921 698 2.53984 1.91986
468 706 2.53984 -1.5708
1155 709 2.53984 2.96706
891 710 2.53984 -3.14159
638 721 2.53984 2.96706
1235 721 2.53984 1.74533
617 745 2.53984 0
742 779 2.53984 -1.74533
647 784 2.53984 -0.872665
852 791 2.53984 -1.39626
1195 811 2.53984 -1.22173
618 813 2.53984 1.74533
379 814 2.53984 -1.22173
249 836 2.53984 2.0944
1241 849 2.53984 -2.26893
99 850 2.53984 -0.174533
293 856 2.53984 1.5708
37 859 2.53984 2.96706
260 869 2.53984 0.349066
866 879 2.53984 0
273 882 2.53984 2.96706
400 894 2.53984 -2.96706
416 895 2.53984 0.174533
1174 898 2.53984 -2.96706
1268 920 2.53984 -2.79253
1079 932 2.53984 1.91986
952 941 2.53984 0
773 945 2.53984 -1.0472
550 950 2.53984 -0.698132
276 36 3.2 2.61799
361 38 3.2 1.5708
789 39 3.2 -3.14159
539 46 3.2 -0.349066
104 51 3.2 2.79253
1053 57 3.2 -0.872665
180 72 3.2 2.26893
422 93 3.2 2.96706
413 95 3.2 2.96706
1038 95 3.2 -1.0472
1074 99 3.2 -1.74533
795 105 3.2 -0.698132
104 115 3.2 1.0472
215 139 3.2 -2.96706
295 141 3.2 -2.0944
1111 143 3.2 -2.26893
14 165 3.2 -0.872665
607 178 3.2 2.44346
628 179 3.2 -2.61799
386 183 3.2 -2.26893
445 188 3.2 -2.26893
127 195 3.2 -2.61799
135 202 3.2 -2.61799
1244 205 3.2 -2.26893
463 209 3.2 -1.5708
1248 213 3.2 -2.26893
1212 216 3.2 -0.523599
1239 216 3.2 -0.523599
974 219 3.2 -0.174533
107 222 3.2 -0.174533
413 222 3.2 0.698132
616 231 3.2 -0.349066
76 233 3.2 0.349066
1099 244 3.2 -1.74533
1086 254 3.2 -0.174533
432 260 3.2 -0.174533
644 268 3.2 1.5708
759 278 3.2 1.5708
510 281 3.2 -2.96706
320 283 3.2 -0.349066
323 293 3.2 -0.349066
662 303 3.2 -2.44346
532 314 3.2 0.698132
504 317 3.2 1.5708
263 347 3.2 -0.523599
720 368 3.2 -1.0472
1241 375 3.2 1.22173
423 384 3.2 1.22173
400 406 3.2 -0.174533
1171 410 3.2 -3.14159
802 415 3.2 2.26893
279 432 3.2 0.523599
1252 432 3.2 1.74533
301 433 3.2 0
940 453 3.2 2.96706
549 454 3.2 1.74533
172 455 3.2 -2.61799
1151 458 3.2 -2.61799
1239 468 3.2 -1.5708
748 471 3.2 -2.61799
231 487 3.2 -1.5708
967 494 3.2 1.74533
487 495 3.2 -3.14159
755 510 3.2 -2.96706
121 535 3.2 0.698132
439 535 3.2 -2.61799
933 549 3.2 -1.0472
91 559 3.2 -1.22173
1261 567 3.2 -1.5708
417 574 3.2 1.74533
250 575 3.2 1.74533
903 578 3.2 -1.22173
159 580 3.2 -0.523599
767 586 3.2 -1.39626
371 591 3.2 -1.0472
259 597 3.2 1.0472
230 617 3.2 0.349066
600 623 3.2 1.5708
545 635 3.2 -0.174533
796 652 3.2 0.174533
46 653 3.2 -2.96706
405 657 3.2 1.74533
500 662 3.2 -0.523599
159 673 3.2 -1.0472
414 678 3.2 1.91986
875 683 3.2 -1.5708
825 687 3.2 1.39626
585 688 3.2 -1.22173
1273 690 3.2 0.174533
1004 692 3.2 0
23 703 3.2 0.349066
694 707 3.2 0.698132
881 713 3.2 -3.14159
752 716 3.2 -0.523599
799 730 3.2 0.523599
38 733 3.2 1.22173
1019 739 3.2 -0.174533
242 760 3.2 2.96706
572 760 3.2 0.872665
822 766 3.2 -1.22173
174 779 3.2 1.5708
1254 795 3.2 -1.39626
904 802 3.2 -0.523599
94 821 3.2 1.74533
1215 821 3.2 1.5708
617 822 3.2 1.74533
672 825 3.2 1.22173
1192 827 3.2 -1.39626
1257 830 3.2 0.523599
1108 841 3.2 2.96706
1183 841 3.2 2.0944
727 855 3.2 2.61799
565 863 3.2 -0.698132
128 873 3.2 1.91986
728 879 3.2 -0.698132
1223 889 3.2 -3.14159
945 892 3.2 -0.349066
605 896 3.2 -3.14159
69 898 3.2 2.44346
104 899 3.2 -0.174533
384 911 3.2 2.61799
163 917 3.2 -1.22173
177 921 3.2 2.0944
1147 922 3.2 -3.14159
873 935 3.2 1.74533
918 952 3.2 -2.96706
146 20 2.53984 0.349066
1108 22 2.53984 -3.14159
854 26 2.53984 -0.349066
58 38 2.53984 1.91986
120 48 2.53984 2.96706
1052 56 2.53984 -0.872665
622 60 2.53984 1.74533
386 78 2.53984 1.39626
158 86 2.53984 -1.5708
424 92 2.53984 2.79253
66 94 2.53984 -1.91986
510 102 2.53984 -1.91986
298 108 2.53984 0.872665
1182 110 2.53984 2.0944
104 116 2.53984 -0.698132
654 124 2.53984 -0.174533
724 124 2.53984 2.0944
658 144 2.53984 2.96706
128 150 2.53984 -3.14159
396 152 2.53984 2.96706
260 164 2.53984 -1.39626
1208 168 2.53984 -0.698132
694 174 2.53984 0
588 176 2.53984 0.698132
598 188 2.53984 0.698132
824 194 2.53984 1.0472
136 204 2.53984 -2.44346
1242 206 2.53984 -2.61799
1212 216 2.53984 0.174533
108 222 2.53984 2.96706
826 222 2.53984 1.0472
76 232 2.53984 0.349066
1034 234 2.53984 -1.91986
426 236 2.53984 2.26893
146 258 2.53984 2.79253
448 258 2.53984 -0.174533
432 260 2.53984 -0.174533
644 268 2.53984 1.22173
396 272 2.53984 1.74533
758 278 2.53984 2.0944
510 280 2.53984 -3.14159
948 280 2.53984 -2.79253
284 286 2.53984 0.174533
322 288 2.53984 -0.349066
172 298 2.53984 -1.74533
1006 300 2.53984 2.26893
884 306 2.53984 -0.523599
532 314 2.53984 -2.96706
172 318 2.53984 -1.74533
504 318 2.53984 1.5708
1078 336 2.53984 0.174533
1190 362 2.53984 -3.14159
720 366 2.53984 -1.0472
1242 376 2.53984 -2.26893
928 378 2.53984 0
848 394 2.53984 1.39626
400 406 2.53984 0
1110 410 2.53984 1.39626
1208 418 2.53984 0.698132
220 426 2.53984 -0.174533
898 426 2.53984 0
84 428 2.53984 1.0472
812 428 2.53984 1.5708
280 432 2.53984 -2.96706
300 432 2.53984 -2.96706
724 432 2.53984 2.0944
1160 432 2.53984 -3.14159
400 446 2.53984 -1.91986
210 450 2.53984 0.872665
766 450 2.53984 -2.61799
170 456 2.53984 -2.79253
406 464 2.53984 -1.91986
748 472 2.53984 -2.44346
508 480 2.53984 1.91986
968 484 2.53984 1.74533
672 486 2.53984 -0.872665
232 488 2.53984 1.39626
612 490 2.53984 -1.74533
1122 498 2.53984 2.0944
984 500 2.53984 -1.22173
448 504 2.53984 1.5708
756 510 2.53984 -0.349066
24 514 2.53984 2.96706
1036 518 2.53984 -2.0944
1244 530 2.53984 -3.14159
882 534 2.53984 0
830 536 2.53984 -1.5708
1132 542 2.53984 0.698132
90 558 2.53984 0.174533
824 566 2.53984 0
696 570 2.53984 -1.5708
248 574 2.53984 1.5708
766 586 2.53984 -1.5708
370 590 2.53984 -1.0472
802 606 2.53984 -0.523599
734 610 2.53984 -1.5708
1014 612 2.53984 -2.96706
230 616 2.53984 0.523599
980 628 2.53984 1.39626
262 630 2.53984 -0.174533
38 636 2.53984 2.26893
544 636 2.53984 1.91986
388 656 2.53984 -1.39626
404 656 2.53984 -1.39626
482 664 2.53984 1.22173
158 672 2.53984 2.96706
876 682 2.53984 -1.39626
1040 684 2.53984 0
982 690 2.53984 0
1004 692 2.53984 0
388 696 2.53984 -1.39626
1216 702 2.53984 0.174533
34 708 2.53984 0.349066
694 708 2.53984 -1.5708
752 716 2.53984 -0.523599
800 730 2.53984 1.0472
86 732 2.53984 2.0944
354 736 2.53984 0.174533
404 738 2.53984 -0.174533
948 756 2.53984 -1.74533
1030 762 2.53984 2.96706
588 780 2.53984 0.872665
890 788 2.53984 -1.0472
410 796 2.53984 -3.14159
906 806 2.53984 2.44346
94 820 2.53984 1.74533
1192 826 2.53984 -1.39626
800 836 2.53984 -1.0472
862 860 2.53984 0.523599
630 882 2.53984 -0.174533
450 894 2.53984 -2.61799
292 898 2.53984 1.5708
330 934 2.53984 2.96706
278 34 3.2 2.61799
1082 42 3.2 -2.79253
1250 60 3.2 2.26893
506 84 3.2 2.44346
1196 92 3.2 2.0944
792 98 3.2 2.79253
594 156 3.2 -0.872665
478 274 3.2 2.26893
198 292 3.2 0.872665
348 292 3.2 1.91986
46 294 3.2 0
70 296 3.2 0
772 304 3.2 2.44346
560 320 3.2 -2.96706
940 320 3.2 -0.872665
1044 338 3.2 0.174533
74 406 3.2 1.0472
738 408 3.2 2.0944
1078 416 3.2 -1.74533
798 466 3.2 0.349066
1000 484 3.2 1.22173
436 538 3.2 -2.61799
654 546 3.2 2.0944
398 554 3.2 -3.14159
1056 570 3.2 0
934 584 3.2 -1.22173
544 608 3.2 -3.14159
652 628 3.2 -0.174533
920 630 3.2 2.61799
408 636 3.2 -1.39626
1196 698 3.2 0.174533
414 700 3.2 0.174533
632 744 3.2 -1.39626
450 800 3.2 -0.523599
1120 814 3.2 -2.61799
186 824 3.2 0.872665
418 826 3.2 -0.523599
1160 834 3.2 -2.96706
314 850 3.2 -1.74533
138 864 3.2 1.5708
872 934 3.2 1.91986
1138 944 3.2 -0.698132
256 40 2.53984 2.26893
300 60 2.53984 -0.872665
940 64 2.53984 2.96706
1180 208 2.53984 0.174533
172 212 2.53984 0.349066
268 216 2.53984 2.0944
1228 304 2.53984 1.5708
560 320 2.53984 -2.96706
180 356 2.53984 1.0472
712 380 2.53984 -1.0472
684 420 2.53984 0.349066
1020 500 2.53984 -1.74533
536 520 2.53984 -0.698132
672 524 2.53984 -1.39626
60 548 2.53984 0.174533
400 556 2.53984 -0.523599
528 656 2.53984 2.0944
700 664 2.53984 -2.44346
732 728 2.53984 -0.698132
300 756 2.53984 1.5708
420 824 2.53984 -0.523599
888 908 2.53984 -1.74533
648 920 2.53984 0
1088 924 2.53984 2.44346
836 932 2.53984 0.349066
528 64 3.2 2.61799
1168 340 3.2 -1.39626
144 380 3.2 0.523599
804 456 3.2 0.174533
1024 532 3.2 -1.74533
1124 548 3.2 2.44346
1092 572 3.2 2.44346
892 652 3.2 -2.61799
764 656 3.2 -2.26893
940 684 3.2 -2.61799
916 844 3.2 2.61799
132 864 3.2 -2.44346
540 864 3.2 1.5708
884 868 3.2 2.61799
56 888 3.2 -3.14159
752 904 3.2 -2.61799
588 928 3.2 0
944 680 2.53984 -2.61799
KEYPOINTS_B 104
421 7 2.53984 -0.349066
535 14 2.53984 1.5708
54 18 2.53984 -1.5708
305 24 2.53984 2.96706
246 36 2.53984 -1.91986
27 41 2.53984 -1.91986
389 42 2.53984 -0.698132
143 47 2.53984 0.872665
291 72 2.53984 -1.0472
341 81 2.53984 0
293 87 2.53984 0.698132
93 139 2.53984 0.698132
168 139 2.53984 -0.698132
80 153 2.53984 -1.74533
464 154 2.53984 -3.14159
516 162 2.53984 0.523599
68 192 2.53984 2.44346
31 196 2.53984 1.0472
362 198 2.53984 2.0944
533 201 2.53984 -1.5708
355 210 2.53984 0.174533
377 219 2.53984 1.0472
393 227 2.53984 0.349066
493 235 2.53984 1.22173
496 244 2.53984 1.22173
218 246 2.53984 1.74533
408 262 2.53984 -1.39626
560 264 2.53984 0.698132
320 267 2.53984 2.0944
521 279 2.53984 0
460 286 2.53984 2.44346
454 309 2.53984 2.79253
198 311 2.53984 -1.39626
484 339 2.53984 0
196 363 2.53984 0
310 366 2.53984 -1.39626
439 388 2.53984 2.79253
218 394 2.53984 0
86 406 2.53984 0.872665
151 419 2.53984 -1.74533
547 469 2.53984 -2.26893
554 473 2.53984 -2.26893
618 23 3.2 2.79253
232 131 3.2 -0.698132
17 141 3.2 0
29 142 3.2 0
380 146 3.2 2.44346
607 147 3.2 -0.349066
273 153 3.2 -2.96706
576 164 3.2 -2.96706
507 241 3.2 -2.0944
262 253 3.2 -0.698132
25 269 3.2 -1.39626
193 271 3.2 -0.523599
265 297 3.2 -3.14159
320 307 3.2 1.5708
138 312 3.2 -0.174533
258 321 3.2 1.91986
592 343 3.2 0.174533
59 384 3.2 -0.872665
553 400 3.2 0.174533
203 406 3.2 -0.349066
63 425 3.2 1.5708
318 453 3.2 -2.44346
536 455 3.2 2.44346
122 14 2.53984 2.44346
144 24 2.53984 -0.872665
464 26 2.53984 -3.14159
584 98 2.53984 0.174533
80 100 2.53984 0.349066
128 102 2.53984 2.0944
576 164 2.53984 0
348 182 2.53984 -1.0472
336 204 2.53984 0.349066
502 244 2.53984 -1.91986
262 254 2.53984 1.5708
328 256 2.53984 -1.39626
24 268 2.53984 0.174533
376 320 2.53984 0.698132
344 326 2.53984 -2.44346
360 358 2.53984 -0.523599
144 372 2.53984 1.5708
58 382 2.53984 1.74533
204 406 2.53984 -0.523599
62 424 2.53984 1.22173
20 438 2.53984 2.96706
436 448 2.53984 -1.74533
318 454 2.53984 0
538 456 2.53984 2.44346
412 460 2.53984 0.349066
258 26 3.2 2.61799
66 184 3.2 0.523599
396 222 3.2 0.174533
506 260 3.2 -1.74533
554 268 3.2 2.44346
540 278 3.2 2.44346
440 320 3.2 -2.61799
464 334 3.2 -2.61799
452 414 3.2 2.61799
264 426 3.2 1.5708
436 426 3.2 2.61799
370 444 3.2 -2.61799
288 456 3.2 0
464 336 2.53984 -2.61799
MATCHES 58
15 63 0.242776
27 43 0.194855
53 21 0.278769
55 25 0.198106
67 50 0.454064
109 3 0.130504
122 69 0.17293
132 51 0.159075
134 22 0.417956
163 22 0.453272
181 63 0.204206
190 60 0.233846
192 51 0.180394
196 63 0.240913
245 62 0.297178
247 63 0.220715
251 0 0.162135
255 55 0.188344
259 5 0.163169
271 9 0.184834
273 10 0.315859
278 3 0.180931
297 13 0.243505
309 26 0.23475
336 27 0.274149
338 75 0.245232
349 83 0.339838
354 0 0.341297
392 44 0.11015
393 45 0.164257
394 46 0.167985
401 22 0.46565
412 58 0.202421
421 62 0.28544
424 65 0.365253
425 66 0.129144
427 68 0.0837859
428 69 0.0725914
429 70 0.117055
433 72 0.343561
434 73 0.0781064
438 77 0.134635
441 79 0.120018
443 81 0.165925
444 83 0.112982
445 86 0.335657
446 87 0.108103
447 88 0.197591
448 89 0.154051
449 90 0.0721862
451 91 0.161419
452 92 0.134664
453 93 0.0980659
455 95 0.272424
456 96 0.12596
461 99 0.100977
462 100 0.283902
466 103 0.244175
