KEYPOINTS_A 953
62 17 2.53984 -1.0472
865 33 2.53984 -1.5708
115 34 2.53984 2.79253
328 49 2.53984 -0.349066
73 76 2.53984 -0.349066
1816 93 2.53984 2.96706
964 96 2.53984 -1.5708
761 98 2.53984 -0.174533
104 107 2.53984 1.5708
1561 111 2.53984 0.174533
1313 114 2.53984 1.5708
1821 115 2.53984 2.96706
1356 116 2.53984 -0.349066
1135 117 2.53984 -2.44346
557 134 2.53984 1.22173
1914 134 2.53984 1.39626
466 141 2.53984 -0.174533
1490 146 2.53984 -2.44346
247 156 2.53984 -3.14159
386 162 2.53984 1.22173
46 164 2.53984 -1.22173
1483 179 2.53984 0.872665
1149 186 2.53984 -2.79253
909 223 2.53984 2.61799
2037 229 2.53984 1.5708
889 246 2.53984 -3.14159
559 265 2.53984 1.39626
287 280 2.53984 -0.872665
1884 307 2.53984 -0.872665
1137 334 2.53984 -0.872665
108 340 2.53984 -0.174533
1397 342 2.53984 -0.698132
1172 346 2.53984 2.96706
1165 349 2.53984 2.96706
324 352 2.53984 -1.22173
1963 352 2.53984 -2.79253
899 368 2.53984 -1.91986
797 379 2.53984 0.174533
936 384 2.53984 -2.0944
1294 393 2.53984 2.26893
231 394 2.53984 0.523599
1860 395 2.53984 1.74533
475 403 2.53984 -3.14159
99 411 2.53984 -1.39626
1018 421 2.53984 -3.14159
1831 421 2.53984 -2.26893
736 427 2.53984 -1.0472
1646 427 2.53984 -1.22173
1596 431 2.53984 0
1058 435 2.53984 -3.14159
1482 439 2.53984 2.44346
506 446 2.53984 1.39626
1485 453 2.53984 -0.698132
878 454 2.53984 0.349066
1499 457 2.53984 0
882 470 2.53984 -1.91986
1621 471 2.53984 -2.79253
905 504 2.53984 1.5708
1275 505 2.53984 -0.349066
1514 521 2.53984 -0.872665
1705 530 2.53984 -1.74533
1450 531 2.53984 -0.872665
965 544 2.53984 0
582 553 2.53984 -0.872665
1539 558 2.53984 0.872665
1356 561 2.53984 -1.39626
582 564 2.53984 -0.349066
757 573 2.53984 -3.14159
938 585 2.53984 0
452 592 2.53984 2.61799
1227 592 2.53984 -0.174533
1711 603 2.53984 -1.0472
1365 605 2.53984 -2.0944
1213 606 2.53984 2.44346
552 614 2.53984 -1.91986
611 617 2.53984 0.349066
490 619 2.53984 -3.14159
895 625 2.53984 1.0472
1678 628 2.53984 0
569 644 2.53984 -3.14159
1513 653 2.53984 2.44346
146 654 2.53984 1.39626
1497 699 2.53984 -1.5708
457 700 2.53984 0.174533
541 700 2.53984 1.5708
1411 700 2.53984 -0.174533
1817 710 2.53984 1.39626
321 721 2.53984 -0.174533
193 750 2.53984 2.44346
1074 751 2.53984 -0.698132
1154 761 2.53984 -2.96706
178 764 2.53984 1.74533
334 773 2.53984 -1.39626
679 774 2.53984 -0.872665
698 776 2.53984 -1.39626
1761 782 2.53984 1.5708
293 804 2.53984 1.5708
760 808 2.53984 -2.0944
317 818 2.53984 0.872665
1324 830 2.53984 -3.14159
340 840 2.53984 -0.174533
43 854 2.53984 -0.174533
962 856 2.53984 -1.74533
228 859 2.53984 -2.0944
1020 867 2.53984 -3.14159
1129 878 2.53984 2.96706
242 899 2.53984 2.79253
542 915 2.53984 0.872665
932 916 2.53984 -2.79253
2001 932 2.53984 0.349066
667 943 2.53984 2.44346
505 946 2.53984 -1.39626
538 947 2.53984 0.872665
807 963 2.53984 -1.74533
1538 965 2.53984 1.5708
1781 978 2.53984 -2.26893
689 994 2.53984 2.0944
583 1010 2.53984 -2.96706
1096 1014 2.53984 1.39626
175 1024 2.53984 -1.0472
709 1024 2.53984 -2.26893
1009 1026 2.53984 -1.74533
240 1056 2.53984 -2.0944
1221 1060 2.53984 1.5708
1286 1060 2.53984 -1.5708
1721 1061 2.53984 1.0472
187 1065 2.53984 -3.14159
939 1065 2.53984 -1.22173
1514 1067 2.53984 -1.5708
1656 1068 2.53984 1.5708
284 1080 2.53984 -2.96706
1419 1089 2.53984 0.698132
1910 1090 2.53984 1.0472
1134 1101 2.53984 1.39626
1757 1103 2.53984 1.5708
1687 1109 2.53984 -1.0472
767 1116 2.53984 0.174533
590 1120 2.53984 -0.872665
1376 1123 2.53984 1.74533
1898 1125 2.53984 0.523599
191 1129 2.53984 -2.96706
1158 1129 2.53984 -1.5708
1026 1138 2.53984 0.174533
222 1142 2.53984 -0.174533
959 1147 2.53984 -3.14159
1059 1154 2.53984 -3.14159
83 1163 2.53984 2.61799
180 1164 2.53984 -2.96706
632 1169 2.53984 -2.26893
1048 1170 2.53984 -2.96706
1425 1177 2.53984 1.39626
1214 1182 2.53984 1.74533
2012 1192 2.53984 -2.96706
1166 1195 2.53984 1.5708
1503 1197 2.53984 -1.5708
1855 1198 2.53984 2.61799
2007 1211 2.53984 1.39626
525 1236 2.53984 -0.698132
1152 1240 2.53984 -1.74533
51 1245 2.53984 0
578 1249 2.53984 -1.39626
1577 1251 2.53984 -1.91986
1994 1258 2.53984 -1.5708
2036 1260 2.53984 -1.39626
797 1285 2.53984 0.174533
908 1285 2.53984 1.0472
818 1287 2.53984 2.96706
1953 1294 2.53984 2.96706
1250 1299 2.53984 0.349066
412 1303 2.53984 0.872665
1949 1313 2.53984 0.698132
47 1316 2.53984 1.22173
615 1316 2.53984 0
23 1324 2.53984 -0.698132
373 1324 2.53984 1.39626
585 1325 2.53984 2.44346
1063 1342 2.53984 0.174533
929 1357 2.53984 -3.14159
756 1364 2.53984 1.5708
640 1387 2.53984 -0.349066
166 1393 2.53984 0.872665
1561 1395 2.53984 -0.523599
434 1405 2.53984 2.0944
1465 1409 2.53984 2.44346
240 1416 2.53984 1.39626
108 1423 2.53984 2.26893
79 1427 2.53984 0.174533
904 1437 2.53984 -2.96706
1579 1444 2.53984 0
1997 1446 2.53984 -0.698132
413 1453 2.53984 2.44346
1480 1461 2.53984 -1.5708
1721 1476 2.53984 1.74533
62 1477 2.53984 -2.79253
720 1479 2.53984 1.22173
1855 1502 2.53984 -1.91986
327 1509 2.53984 0.174533
530 1516 2.53984 0.523599
1093 1516 2.53984 -0.174533
1913 1516 2.53984 -2.26893
134 1519 2.53984 -0.872665
335 1520 2.53984 1.5708
1508 21 3.2 2.26893
1853 21 3.2 -1.5708
1018 28 3.2 2.44346
1679 32 3.2 -2.61799
1177 37 3.2 2.26893
1795 37 3.2 1.91986
432 43 3.2 -1.39626
1055 44 3.2 0
1089 45 3.2 0.523599
57 52 3.2 0.872665
319 53 3.2 -0.349066
135 59 3.2 -2.79253
1272 61 3.2 -1.5708
1456 62 3.2 0.698132
1756 66 3.2 -2.26893
1464 68 3.2 0.698132
1425 72 3.2 -1.22173
150 81 3.2 0.349066
1745 83 3.2 1.74533
162 88 3.2 0.349066
986 96 3.2 -1.5708
687 97 3.2 -0.872665
451 127 3.2 2.44346
680 128 3.2 0
609 132 3.2 2.26893
1815 144 3.2 -0.698132
595 147 3.2 -1.91986
1743 151 3.2 1.5708
2029 154 3.2 2.0944
1138 155 3.2 -1.5708
568 160 3.2 2.44346
1089 160 3.2 -2.61799
181 163 3.2 -2.96706
217 170 3.2 -1.74533
1941 175 3.2 1.22173
814 184 3.2 2.0944
1707 187 3.2 -0.174533
905 194 3.2 -1.39626
543 201 3.2 -0.872665
948 207 3.2 2.0944
163 229 3.2 -1.0472
1804 238 3.2 0.872665
1593 246 3.2 -1.22173
1122 258 3.2 0
1478 259 3.2 -1.5708
1435 261 3.2 1.39626
540 264 3.2 1.39626
805 268 3.2 -2.61799
1553 269 3.2 -0.698132
1241 273 3.2 1.22173
1097 281 3.2 -2.26893
869 283 3.2 0
167 292 3.2 1.91986
533 292 3.2 -3.14159
517 293 3.2 -3.14159
1036 293 3.2 1.5708
278 299 3.2 2.0944
938 309 3.2 1.39626
1409 326 3.2 -1.5708
1499 326 3.2 -0.174533
1754 337 3.2 -0.872665
329 338 3.2 0.523599
1337 339 3.2 0
185 354 3.2 -2.26893
1589 366 3.2 -0.174533
79 373 3.2 2.44346
524 392 3.2 -0.698132
1499 392 3.2 -1.74533
319 394 3.2 -3.14159
1639 394 3.2 -2.26893
631 405 3.2 -0.523599
42 409 3.2 -0.698132
1046 421 3.2 -1.74533
779 428 3.2 1.5708
1697 436 3.2 1.39626
183 439 3.2 -0.523599
877 444 3.2 -0.523599
304 446 3.2 2.61799
395 456 3.2 0
913 467 3.2 1.74533
1534 484 3.2 -0.523599
70 486 3.2 0
1248 488 3.2 0.349066
298 490 3.2 -1.39626
951 500 3.2 0.872665
282 505 3.2 -2.44346
1231 506 3.2 2.26893
444 507 3.2 1.0472
960 510 3.2 0.872665
1085 525 3.2 1.22173
264 535 3.2 2.0944
512 543 3.2 0
1816 552 3.2 -1.74533
989 554 3.2 -2.79253
77 557 3.2 2.44346
1767 575 3.2 -2.61799
432 579 3.2 1.74533
1325 580 3.2 -0.872665
1169 582 3.2 2.44346
1606 592 3.2 2.0944
752 596 3.2 -2.0944
1192 602 3.2 0
173 603 3.2 2.61799
1440 609 3.2 2.0944
1406 618 3.2 -2.44346
644 623 3.2 2.96706
634 629 3.2 -2.44346
215 638 3.2 2.96706
1315 647 3.2 -1.22173
331 650 3.2 2.79253
1366 651 3.2 -2.26893
1686 655 3.2 -0.174533
937 656 3.2 -1.91986
527 659 3.2 2.0944
974 660 3.2 -1.91986
956 662 3.2 1.0472
1266 663 3.2 0.349066
1000 666 3.2 0
1056 668 3.2 0.872665
925 673 3.2 -1.0472
1358 673 3.2 2.96706
1751 673 3.2 -0.872665
1732 677 3.2 0.698132
685 678 3.2 -2.44346
615 680 3.2 2.0944
52 685 3.2 2.26893
1800 685 3.2 -0.349066
16 686 3.2 0.523599
1343 692 3.2 -1.0472
761 695 3.2 -2.44346
995 697 3.2 2.79253
2016 707 3.2 -2.96706
253 709 3.2 0
409 712 3.2 0.349066
103 714 3.2 1.5708
1836 714 3.2 0.349066
1391 719 3.2 1.0472
825 722 3.2 1.0472
1788 731 3.2 -3.14159
1835 735 3.2 2.96706
1715 738 3.2 -2.79253
399 747 3.2 1.22173
1748 757 3.2 2.61799
1555 760 3.2 -0.698132
31 775 3.2 -0.872665
2015 795 3.2 -0.349066
1027 808 3.2 0.523599
1148 813 3.2 0.174533
309 823 3.2 0.698132
1698 833 3.2 0
1527 854 3.2 -1.5708
579 867 3.2 2.61799
1245 872 3.2 0.698132
349 880 3.2 -2.26893
523 881 3.2 -1.39626
1031 884 3.2 -2.44346
600 885 3.2 -0.349066
1443 902 3.2 -0.349066
269 904 3.2 -3.14159
549 920 3.2 0.698132
1776 922 3.2 -2.79253
26 924 3.2 -1.5708
131 930 3.2 1.5708
1585 937 3.2 2.96706
1536 946 3.2 1.5708
659 949 3.2 2.44346
1831 960 3.2 1.5708
46 964 3.2 -1.5708
1447 972 3.2 1.5708
1898 972 3.2 1.91986
125 973 3.2 -1.39626
349 979 3.2 2.44346
795 980 3.2 -3.14159
1595 981 3.2 -1.91986
1407 984 3.2 -0.523599
494 985 3.2 1.74533
1491 988 3.2 1.0472
1159 989 3.2 2.61799
37 993 3.2 2.44346
1088 998 3.2 -2.61799
69 1011 3.2 1.22173
528 1012 3.2 1.74533
1815 1018 3.2 1.39626
1610 1022 3.2 1.22173
1762 1035 3.2 -1.74533
115 1037 3.2 1.74533
737 1045 3.2 -0.174533
557 1052 3.2 2.0944
517 1056 3.2 1.39626
422 1065 3.2 -0.698132
938 1074 3.2 -1.22173
1518 1076 3.2 -1.5708
183 1087 3.2 2.61799
595 1090 3.2 0
1149 1095 3.2 1.74533
700 1097 3.2 2.96706
429 1116 3.2 -0.174533
1218 1130 3.2 2.26893
305 1140 3.2 0.174533
657 1148 3.2 -0.349066
1380 1149 3.2 2.0944
366 1153 3.2 2.96706
1736 1153 3.2 -1.39626
1651 1166 3.2 2.61799
1794 1167 3.2 -1.91986
900 1168 3.2 -0.872665
1965 1182 3.2 0
1240 1183 3.2 -0.349066
1803 1184 3.2 1.39626
890 1186 3.2 -0.872665
309 1190 3.2 -1.39626
1568 1192 3.2 -2.61799
795 1204 3.2 0.349066
804 1207 3.2 0.349066
1832 1210 3.2 -3.14159
1769 1215 3.2 1.91986
1269 1223 3.2 -0.174533
1615 1224 3.2 -0.174533
1729 1224 3.2 -3.14159
733 1230 3.2 1.91986
551 1233 3.2 -0.174533
1053 1235 3.2 2.79253
1798 1238 3.2 -2.26893
452 1239 3.2 2.44346
1996 1240 3.2 -1.74533
334 1247 3.2 0.349066
1200 1248 3.2 -0.872665
727 1251 3.2 1.74533
1915 1253 3.2 0.523599
186 1259 3.2 0.349066
181 1269 3.2 -0.349066
236 1272 3.2 -2.61799
1523 1273 3.2 2.26893
1838 1275 3.2 -0.523599
474 1283 3.2 1.5708
153 1284 3.2 -0.174533
314 1284 3.2 -1.39626
1155 1288 3.2 1.5708
85 1289 3.2 -1.22173
1305 1296 3.2 1.22173
1152 1305 3.2 -0.174533
1201 1307 3.2 -0.698132
959 1314 3.2 1.39626
606 1315 3.2 0
1204 1326 3.2 -0.698132
1311 1331 3.2 -1.5708
1150 1332 3.2 0.349066
917 1338 3.2 -1.0472
269 1341 3.2 -0.523599
1263 1345 3.2 -3.14159
1500 1385 3.2 -1.39626
1141 1389 3.2 -0.174533
1692 1390 3.2 0.872665
1855 1393 3.2 -2.79253
1417 1397 3.2 2.61799
2013 1400 3.2 1.0472
1609 1415 3.2 2.44346
2030 1416 3.2 -1.5708
1004 1418 3.2 1.74533
1010 1457 3.2 0.872665
470 1460 3.2 0.872665
1436 1465 3.2 0.174533
84 1467 3.2 1.91986
479 1467 3.2 0.872665
246 1471 3.2 -2.0944
1476 1478 3.2 -2.61799
1851 1493 3.2 -1.91986
1988 1517 3.2 -2.96706
1181 1526 3.2 0.349066
1508 20 2.53984 -0.349066
1854 20 2.53984 -1.5708
1238 24 2.53984 -0.174533
1748 24 2.53984 -1.0472
1018 28 2.53984 0.349066
1678 32 2.53984 0.174533
1258 36 2.53984 2.44346
1186 44 2.53984 1.91986
1088 46 2.53984 0
58 52 2.53984 1.0472
916 56 2.53984 1.39626
1182 58 2.53984 1.91986
1272 62 2.53984 -2.0944
1756 66 2.53984 2.0944
252 76 2.53984 2.26893
414 80 2.53984 2.96706
1744 84 2.53984 2.0944
1110 86 2.53984 0.174533
162 88 2.53984 0.523599
214 90 2.53984 -0.174533
1524 92 2.53984 2.79253
686 96 2.53984 1.74533
1068 102 2.53984 -3.14159
1928 102 2.53984 -1.0472
302 108 2.53984 -1.5708
662 110 2.53984 -1.39626
212 114 2.53984 -1.74533
962 116 2.53984 -2.96706
462 122 2.53984 2.61799
1344 122 2.53984 -0.523599
1528 122 2.53984 -2.61799
1856 128 2.53984 -2.44346
1620 130 2.53984 0.349066
608 132 2.53984 2.26893
1700 134 2.53984 1.39626
1250 136 2.53984 1.74533
596 146 2.53984 2.26893
326 148 2.53984 0.174533
1072 148 2.53984 -2.61799
1744 150 2.53984 -0.174533
1088 160 2.53984 -2.61799
182 162 2.53984 0.174533
1456 162 2.53984 1.5708
432 164 2.53984 -3.14159
1302 168 2.53984 2.96706
1102 172 2.53984 0.698132
958 174 2.53984 -2.96706
1130 184 2.53984 1.39626
1804 190 2.53984 0.872665
306 206 2.53984 -3.14159
1078 206 2.53984 -2.96706
378 210 2.53984 -1.5708
1408 220 2.53984 -1.0472
32 228 2.53984 -3.14159
162 228 2.53984 1.5708
1570 228 2.53984 -0.174533
600 234 2.53984 -1.22173
922 238 2.53984 -0.523599
1832 246 2.53984 -1.22173
970 250 2.53984 -1.22173
1292 262 2.53984 2.44346
1434 262 2.53984 1.74533
968 268 2.53984 0
836 272 2.53984 1.5708
1638 274 2.53984 -2.26893
754 276 2.53984 1.39626
686 280 2.53984 -1.22173
1096 282 2.53984 -2.0944
1226 282 2.53984 -1.91986
282 288 2.53984 2.0944
532 292 2.53984 2.96706
1552 292 2.53984 0.523599
516 294 2.53984 2.96706
1686 296 2.53984 -2.0944
1408 300 2.53984 -3.14159
1846 316 2.53984 1.22173
702 326 2.53984 2.61799
1498 326 2.53984 -3.14159
1306 330 2.53984 1.39626
1800 332 2.53984 0.698132
328 338 2.53984 0.698132
260 340 2.53984 -0.349066
1116 354 2.53984 0.872665
1572 362 2.53984 -1.39626
80 374 2.53984 1.74533
978 380 2.53984 -1.5708
904 392 2.53984 2.26893
1640 394 2.53984 2.79253
632 404 2.53984 0.698132
1220 406 2.53984 2.61799
1780 406 2.53984 -1.22173
1632 420 2.53984 -2.0944
1058 434 2.53984 2.96706
1314 436 2.53984 -2.26893
1390 438 2.53984 0.872665
470 444 2.53984 1.74533
304 446 2.53984 -3.14159
878 446 2.53984 -0.349066
1444 446 2.53984 1.5708
694 450 2.53984 -3.14159
938 450 2.53984 0
120 452 2.53984 -2.26893
396 456 2.53984 0.523599
412 468 2.53984 0.523599
884 480 2.53984 -1.91986
1536 484 2.53984 -0.349066
510 492 2.53984 -0.523599
1840 492 2.53984 -0.349066
168 494 2.53984 -1.5708
950 498 2.53984 0.872665
1686 498 2.53984 0.698132
444 506 2.53984 1.39626
1232 506 2.53984 -0.872665
692 510 2.53984 1.5708
1580 510 2.53984 -1.39626
1312 512 2.53984 -0.174533
990 522 2.53984 2.96706
138 524 2.53984 2.26893
1086 524 2.53984 1.0472
1042 534 2.53984 1.5708
1280 534 2.53984 0.174533
1490 538 2.53984 1.0472
1890 540 2.53984 -2.96706
692 544 2.53984 1.74533
50 548 2.53984 -1.22173
990 554 2.53984 -2.61799
78 556 2.53984 -3.14159
1186 556 2.53984 1.74533
1376 556 2.53984 -0.174533
272 560 2.53984 0.174533
1540 560 2.53984 -2.0944
570 566 2.53984 -0.872665
1548 578 2.53984 -2.0944
1326 580 2.53984 1.74533
1168 582 2.53984 2.26893
870 586 2.53984 1.39626
1728 588 2.53984 -1.74533
1096 600 2.53984 1.5708
1416 600 2.53984 2.26893
1192 602 2.53984 0.174533
1500 604 2.53984 0
384 612 2.53984 2.79253
886 614 2.53984 1.0472
1406 618 2.53984 2.26893
966 624 2.53984 -1.91986
622 642 2.53984 -2.96706
502 650 2.53984 1.5708
1366 650 2.53984 -2.44346
840 654 2.53984 -1.39626
2000 654 2.53984 -0.698132
938 656 2.53984 -2.79253
974 660 2.53984 -1.74533
1592 664 2.53984 2.44346
1300 666 2.53984 -0.174533
1054 668 2.53984 0.698132
924 670 2.53984 -1.22173
1836 670 2.53984 2.26893
686 678 2.53984 -2.44346
1800 684 2.53984 -0.174533
1882 684 2.53984 -2.79253
52 686 2.53984 2.26893
882 692 2.53984 -3.14159
1344 692 2.53984 2.26893
504 694 2.53984 -1.5708
252 710 2.53984 1.0472
1818 710 2.53984 -1.39626
1318 718 2.53984 2.0944
1392 720 2.53984 -2.26893
824 722 2.53984 1.22173
1228 722 2.53984 -0.872665
1988 724 2.53984 2.96706
1788 730 2.53984 0.174533
940 732 2.53984 -1.91986
1834 734 2.53984 -3.14159
1518 738 2.53984 -2.96706
1716 738 2.53984 -2.79253
1208 744 2.53984 -1.91986
584 748 2.53984 0.174533
1378 754 2.53984 1.5708
1810 756 2.53984 -1.5708
1554 760 2.53984 -3.14159
1278 768 2.53984 1.22173
820 772 2.53984 -3.14159
30 774 2.53984 -1.0472
1074 776 2.53984 -2.61799
1244 778 2.53984 0.174533
646 786 2.53984 2.61799
1038 790 2.53984 -0.872665
504 812 2.53984 2.96706
722 814 2.53984 2.79253
1650 824 2.53984 -0.174533
1350 832 2.53984 0
1180 836 2.53984 -3.14159
1964 838 2.53984 -1.74533
804 840 2.53984 1.5708
1618 848 2.53984 0.174533
1672 848 2.53984 0
628 862 2.53984 1.0472
1198 872 2.53984 2.96706
104 876 2.53984 -1.91986
944 878 2.53984 -2.26893
458 880 2.53984 -1.91986
400 882 2.53984 1.39626
904 882 2.53984 0.698132
72 886 2.53984 -3.14159
1428 886 2.53984 2.61799
1164 904 2.53984 -1.5708
1714 906 2.53984 2.96706
1412 908 2.53984 -0.872665
866 922 2.53984 1.22173
748 926 2.53984 2.79253
1044 928 2.53984 -2.96706
1172 928 2.53984 -0.698132
1644 928 2.53984 -1.74533
406 930 2.53984 -0.174533
1584 938 2.53984 -0.174533
204 942 2.53984 1.22173
324 942 2.53984 -0.349066
720 942 2.53984 -1.39626
1696 942 2.53984 2.96706
1466 948 2.53984 0.174533
920 950 2.53984 1.39626
364 952 2.53984 0
1980 962 2.53984 -1.74533
126 972 2.53984 -3.14159
144 972 2.53984 -3.14159
652 976 2.53984 -0.523599
1872 986 2.53984 -2.79253
1492 988 2.53984 -2.26893
632 990 2.53984 -0.523599
36 992 2.53984 2.44346
328 1002 2.53984 0.349066
684 1006 2.53984 1.91986
1626 1012 2.53984 0.523599
1876 1016 2.53984 1.39626
1816 1018 2.53984 0.174533
326 1020 2.53984 0.349066
454 1022 2.53984 0
30 1036 2.53984 -2.26893
388 1036 2.53984 1.39626
1762 1036 2.53984 1.39626
438 1048 2.53984 -0.698132
588 1050 2.53984 2.26893
516 1056 2.53984 1.39626
1198 1060 2.53984 0
1720 1060 2.53984 1.0472
422 1066 2.53984 -0.698132
1626 1076 2.53984 0.349066
1324 1080 2.53984 2.44346
1356 1082 2.53984 -1.0472
1656 1088 2.53984 1.74533
700 1096 2.53984 -3.14159
1712 1096 2.53984 2.96706
2032 1102 2.53984 -1.5708
404 1110 2.53984 -2.96706
130 1112 2.53984 -0.349066
1868 1112 2.53984 -1.5708
428 1116 2.53984 -2.96706
632 1120 2.53984 1.39626
1324 1120 2.53984 0.349066
1218 1130 2.53984 1.91986
1668 1136 2.53984 0.872665
658 1148 2.53984 0
510 1152 2.53984 2.0944
682 1152 2.53984 -0.174533
748 1152 2.53984 1.5708
1254 1152 2.53984 -1.22173
1736 1154 2.53984 1.5708
1190 1158 2.53984 0.523599
866 1164 2.53984 2.96706
1650 1166 2.53984 2.61799
2010 1166 2.53984 -2.26893
900 1168 2.53984 -1.0472
1240 1184 2.53984 -3.14159
1822 1184 2.53984 1.0472
890 1186 2.53984 -1.0472
1450 1188 2.53984 2.96706
1070 1198 2.53984 -0.174533
1304 1198 2.53984 -2.44346
926 1202 2.53984 -2.61799
1598 1202 2.53984 2.96706
470 1208 2.53984 2.79253
1768 1216 2.53984 -1.39626
1270 1222 2.53984 2.0944
1614 1224 2.53984 1.5708
1728 1224 2.53984 0
1860 1226 2.53984 0.174533
1232 1228 2.53984 1.74533
734 1230 2.53984 1.91986
1052 1234 2.53984 -3.14159
1616 1244 2.53984 -2.26893
1488 1248 2.53984 0
726 1250 2.53984 1.91986
1006 1250 2.53984 0.872665
76 1256 2.53984 2.79253
1994 1258 2.53984 -1.22173
1088 1262 2.53984 -3.14159
1938 1274 2.53984 -0.698132
426 1276 2.53984 1.91986
1690 1278 2.53984 1.74533
1362 1280 2.53984 2.96706
1826 1282 2.53984 -0.523599
1786 1288 2.53984 0
692 1290 2.53984 -2.61799
528 1296 2.53984 -1.5708
414 1300 2.53984 -0.174533
168 1314 2.53984 -0.872665
1398 1322 2.53984 0
1934 1324 2.53984 -1.91986
1448 1326 2.53984 -1.22173
1966 1330 2.53984 -0.174533
1992 1338 2.53984 -0.698132
1444 1340 2.53984 -1.22173
480 1352 2.53984 -1.5708
1978 1372 2.53984 1.74533
322 1374 2.53984 -1.74533
1228 1378 2.53984 2.44346
1390 1384 2.53984 1.5708
1500 1384 2.53984 -1.39626
1856 1392 2.53984 -0.174533
74 1396 2.53984 -0.174533
1860 1412 2.53984 -0.523599
946 1418 2.53984 1.22173
1450 1430 2.53984 -2.44346
1018 1440 2.53984 0
1852 1440 2.53984 -2.44346
468 1444 2.53984 -0.349066
1402 1444 2.53984 -2.96706
594 1446 2.53984 1.91986
706 1446 2.53984 1.39626
730 1452 2.53984 2.0944
1556 1456 2.53984 -1.5708
198 1472 2.53984 0.174533
246 1472 2.53984 1.39626
682 1472 2.53984 0.174533
872 1480 2.53984 -2.96706
32 1482 2.53984 0.174533
894 1498 2.53984 1.5708
2030 1506 2.53984 -1.74533
1168 1518 2.53984 0.523599
1324 1520 2.53984 1.74533
640 32 3.2 -0.349066
1708 48 3.2 2.96706
150 68 3.2 -2.61799
1650 88 3.2 1.91986
1206 92 3.2 -0.349066
2016 94 3.2 0.349066
816 132 3.2 0.698132
1644 140 3.2 0.349066
1880 146 3.2 1.74533
1638 224 3.2 -0.872665
966 296 3.2 -0.698132
870 328 3.2 -1.91986
876 344 3.2 -1.91986
2028 368 3.2 -1.0472
1730 392 3.2 -1.74533
552 394 3.2 2.44346
1614 402 3.2 -2.26893
1446 426 3.2 1.5708
1080 434 3.2 -3.14159
982 472 3.2 -0.174533
1518 492 3.2 -1.0472
616 532 3.2 1.0472
1002 594 3.2 -1.74533
1696 596 3.2 -1.74533
1008 616 3.2 -1.74533
626 622 3.2 -2.79253
190 634 3.2 2.0944
642 636 3.2 -2.79253
158 652 3.2 1.22173
796 656 3.2 2.26893
502 668 3.2 1.74533
1206 686 3.2 0.349066
752 696 3.2 1.5708
862 714 3.2 -1.22173
544 726 3.2 1.5708
266 730 3.2 1.0472
1814 736 3.2 -1.5708
202 742 3.2 2.26893
1082 760 3.2 -2.61799
908 794 3.2 1.39626
1028 808 3.2 0.523599
2018 808 3.2 2.79253
1928 818 3.2 0.872665
266 820 3.2 0
312 820 3.2 -2.44346
592 892 3.2 -0.698132
988 940 3.2 -0.872665
1422 952 3.2 -0.349066
1154 982 3.2 2.44346
1192 1006 3.2 1.22173
1844 1018 3.2 -1.74533
1502 1062 3.2 -1.74533
622 1090 3.2 -0.174533
1062 1102 3.2 -2.44346
1450 1110 3.2 0.349066
2022 1180 3.2 -2.0944
32 1184 3.2 -1.5708
1832 1202 3.2 1.0472
188 1232 3.2 1.91986
146 1260 3.2 -0.523599
1630 1260 3.2 -0.523599
858 1284 3.2 0.349066
1280 1320 3.2 -1.5708
688 1342 3.2 -1.74533
1836 1430 3.2 -2.61799
708 1480 3.2 1.39626
390 1484 3.2 -1.5708
1684 1502 3.2 -0.698132
386 1516 3.2 -1.39626
640 32 2.53984 0
1548 44 2.53984 -1.0472
1320 72 2.53984 -0.174533
356 80 2.53984 -0.872665
1044 88 2.53984 2.61799
1680 88 2.53984 1.39626
1204 92 2.53984 -2.26893
816 132 2.53984 0.698132
1968 232 2.53984 -2.61799
1200 236 2.53984 -2.0944
2012 260 2.53984 -2.61799
1908 284 2.53984 2.26893
308 316 2.53984 0.523599
1344 332 2.53984 -1.0472
552 396 2.53984 2.26893
844 404 2.53984 2.26893
1172 460 2.53984 0.872665
540 476 2.53984 -0.523599
344 516 2.53984 -3.14159
616 532 2.53984 0.872665
1912 548 2.53984 -2.79253
652 564 2.53984 0.872665
492 588 2.53984 -2.0944
192 696 2.53984 -1.5708
1964 812 2.53984 -1.5708
448 848 2.53984 -0.174533
1752 916 2.53984 0.349066
568 956 2.53984 -2.79253
216 976 2.53984 1.39626
1660 976 2.53984 2.44346
908 980 2.53984 0
1748 980 2.53984 2.79253
1240 988 2.53984 -0.349066
1704 1036 2.53984 1.0472
88 1048 2.53984 -2.0944
1268 1084 2.53984 -3.14159
152 1104 2.53984 -0.349066
52 1120 2.53984 -0.174533
1156 1148 2.53984 1.39626
500 1176 2.53984 2.0944
1632 1184 2.53984 2.44346
2024 1184 2.53984 1.74533
44 1216 2.53984 -1.74533
1652 1244 2.53984 -0.698132
684 1316 2.53984 -1.74533
1684 1500 2.53984 1.74533
1852 56 3.2 2.0944
1124 64 3.2 -2.44346
708 196 3.2 2.44346
248 220 3.2 0.349066
992 264 3.2 -0.523599
92 328 3.2 1.91986
1456 348 3.2 -2.61799
1256 456 3.2 0
1984 564 3.2 1.5708
1524 656 3.2 2.0944
440 660 3.2 -2.0944
916 692 3.2 2.79253
1068 824 3.2 -1.39626
204 840 3.2 -0.523599
1832 972 3.2 -2.79253
1204 1000 3.2 -0.349066
1868 1076 3.2 -1.74533
320 1100 3.2 -2.44346
2008 1232 3.2 1.91986
1148 1252 3.2 1.39626
860 1256 3.2 2.79253
1208 1304 3.2 1.5708
216 1344 3.2 2.26893
1724 1372 3.2 -2.26893
180 1388 3.2 2.26893
1616 1412 3.2 0.349066
KEYPOINTS_B 695
56 13 2.53984 -1.5708
1847 17 2.53984 -0.174533
109 30 2.53984 2.61799
322 45 2.53984 -0.349066
325 63 2.53984 -2.96706
67 72 2.53984 -0.349066
1810 89 2.53984 2.96706
958 92 2.53984 -1.5708
755 94 2.53984 -3.14159
98 103 2.53984 -1.39626
1555 107 2.53984 0.174533
1307 110 2.53984 1.5708
1815 111 2.53984 2.44346
1350 112 2.53984 -0.349066
1129 113 2.53984 0
551 130 2.53984 1.22173
460 136 2.53984 -0.174533
1484 142 2.53984 -2.44346
589 143 2.53984 -1.91986
2023 150 2.53984 2.0944
241 152 2.53984 -3.14159
380 158 2.53984 1.22173
40 161 2.53984 2.0944
1477 175 2.53984 0.872665
1143 182 2.53984 -2.79253
903 219 2.53984 2.61799
2031 225 2.53984 1.74533
883 242 2.53984 -3.14159
553 261 2.53984 1.22173
1878 303 2.53984 1.91986
1131 330 2.53984 -0.872665
1331 335 2.53984 0
102 336 2.53984 -0.174533
1391 338 2.53984 -0.698132
1166 342 2.53984 2.96706
1159 345 2.53984 2.96706
318 348 2.53984 -1.39626
1957 348 2.53984 -2.79253
893 364 2.53984 -1.91986
791 375 2.53984 -2.96706
930 380 2.53984 -2.0944
1493 388 2.53984 -1.74533
1288 389 2.53984 2.26893
225 390 2.53984 -2.26893
1854 391 2.53984 1.74533
469 399 2.53984 -3.14159
36 405 2.53984 2.44346
93 407 2.53984 -1.39626
1012 417 2.53984 -2.79253
1825 417 2.53984 -2.26893
730 423 2.53984 -1.0472
1640 423 2.53984 -1.22173
1590 427 2.53984 0
1052 431 2.53984 -3.14159
1691 432 2.53984 1.39626
1476 435 2.53984 2.44346
500 442 2.53984 1.39626
872 450 2.53984 0.349066
1493 453 2.53984 0
876 466 2.53984 -1.91986
1615 467 2.53984 0.523599
899 500 2.53984 1.5708
1269 501 2.53984 -0.523599
1699 526 2.53984 1.39626
1444 527 2.53984 -0.872665
959 540 2.53984 0
576 549 2.53984 -0.872665
1533 554 2.53984 0.872665
1350 557 2.53984 -1.74533
576 560 2.53984 -0.349066
1965 563 2.53984 -0.872665
751 569 2.53984 -3.14159
1761 571 2.53984 -2.61799
932 581 2.53984 0
446 588 2.53984 2.61799
1221 588 2.53984 -0.174533
1705 599 2.53984 -1.0472
1359 601 2.53984 -2.0944
1207 602 2.53984 2.79253
546 610 2.53984 -1.91986
605 613 2.53984 0.349066
485 615 2.53984 0
889 621 2.53984 1.0472
1309 643 2.53984 -1.22173
140 650 2.53984 -1.5708
451 696 2.53984 0.174533
535 696 2.53984 1.5708
1405 696 2.53984 -0.174533
1811 706 2.53984 -1.74533
315 717 2.53984 -0.174533
187 746 2.53984 2.44346
1067 747 2.53984 -0.698132
1148 757 2.53984 -2.96706
173 760 2.53984 1.74533
328 769 2.53984 1.74533
673 770 2.53984 2.79253
692 772 2.53984 -1.0472
1755 778 2.53984 1.74533
287 800 2.53984 1.5708
754 804 2.53984 -2.0944
312 813 2.53984 0.872665
1318 826 2.53984 -3.14159
334 836 2.53984 0.174533
37 850 2.53984 -0.174533
956 852 2.53984 -1.74533
222 855 2.53984 -2.0944
1014 863 2.53984 -3.14159
1123 874 2.53984 -0.174533
236 895 2.53984 2.79253
536 911 2.53984 0.872665
1995 928 2.53984 0.523599
661 939 2.53984 2.44346
499 942 2.53984 -1.39626
532 943 2.53984 0.872665
1532 961 2.53984 1.5708
1775 974 2.53984 1.39626
343 975 2.53984 2.44346
1153 985 2.53984 0.698132
683 990 2.53984 2.0944
577 1006 2.53984 -2.96706
1091 1010 2.53984 1.39626
169 1020 2.53984 1.5708
703 1020 2.53984 1.22173
1003 1022 2.53984 1.39626
234 1052 2.53984 -2.0944
1215 1056 2.53984 1.5708
1280 1056 2.53984 2.79253
1715 1057 2.53984 1.0472
181 1061 2.53984 2.96706
933 1061 2.53984 -1.22173
1650 1064 2.53984 -1.74533
278 1076 2.53984 -2.96706
1413 1085 2.53984 0.698132
1904 1086 2.53984 1.0472
324 1091 2.53984 -1.0472
1128 1097 2.53984 1.39626
1751 1099 2.53984 1.5708
1681 1104 2.53984 -1.0472
761 1112 2.53984 0.174533
584 1116 2.53984 -0.872665
1370 1119 2.53984 -1.22173
1892 1121 2.53984 0.523599
185 1125 2.53984 -2.96706
1152 1125 2.53984 -1.5708
1020 1134 2.53984 0.174533
216 1138 2.53984 -0.174533
953 1143 2.53984 -0.174533
1053 1150 2.53984 -3.14159
77 1159 2.53984 2.61799
627 1164 2.53984 -2.26893
22 1175 2.53984 -0.698132
1208 1178 2.53984 1.74533
303 1186 2.53984 -1.39626
2006 1187 2.53984 -2.96706
1160 1191 2.53984 -0.872665
1497 1193 2.53984 -1.5708
1849 1194 2.53984 2.61799
519 1232 2.53984 -0.174533
1990 1236 2.53984 -0.349066
45 1241 2.53984 0
572 1245 2.53984 -1.39626
1571 1247 2.53984 -2.0944
1988 1254 2.53984 -1.5708
2030 1256 2.53984 2.96706
791 1281 2.53984 0.174533
902 1281 2.53984 1.22173
812 1283 2.53984 -2.96706
1947 1290 2.53984 2.96706
1244 1294 2.53984 1.39626
406 1299 2.53984 0.872665
1943 1309 2.53984 0.698132
41 1312 2.53984 1.22173
367 1320 2.53984 1.39626
579 1321 2.53984 2.44346
1199 1322 2.53984 -2.96706
219 1336 2.53984 0
1057 1338 2.53984 -0.174533
923 1353 2.53984 -3.14159
750 1360 2.53984 1.5708
1746 1368 2.53984 0.349066
634 1383 2.53984 -0.349066
1555 1392 2.53984 -0.523599
428 1401 2.53984 -1.22173
1459 1405 2.53984 1.91986
234 1412 2.53984 1.39626
102 1419 2.53984 2.26893
73 1423 2.53984 0.174533
898 1433 2.53984 -2.96706
1573 1440 2.53984 0
1991 1442 2.53984 -0.698132
407 1449 2.53984 -0.698132
1474 1457 2.53984 -1.5708
1430 1461 2.53984 -2.96706
1715 1472 2.53984 1.74533
56 1473 2.53984 -2.96706
714 1475 2.53984 1.39626
1849 1498 2.53984 -1.91986
321 1505 2.53984 0.174533
524 1512 2.53984 -2.0944
1087 1512 2.53984 -0.174533
1907 1512 2.53984 2.79253
128 1515 2.53984 -0.872665
329 1516 2.53984 1.5708
1502 17 3.2 2.26893
1012 24 3.2 2.44346
1673 28 3.2 0.698132
1171 33 3.2 2.26893
1789 33 3.2 1.91986
426 39 3.2 -1.22173
1049 40 3.2 0
1083 41 3.2 0.349066
51 48 3.2 0.872665
313 49 3.2 -0.349066
129 55 3.2 -2.79253
1266 57 3.2 -1.91986
1450 58 3.2 0.698132
1750 62 3.2 -2.26893
1458 64 3.2 0.698132
1419 68 3.2 -1.22173
144 77 3.2 0.349066
1739 79 3.2 1.91986
156 84 3.2 0.349066
980 92 3.2 -1.5708
681 93 3.2 2.61799
1524 118 3.2 1.0472
445 123 3.2 2.44346
1850 123 3.2 1.0472
674 124 3.2 0
603 128 3.2 2.26893
1809 140 3.2 -0.698132
1737 147 3.2 1.5708
1132 151 3.2 -1.5708
562 156 3.2 2.44346
1083 156 3.2 -2.61799
175 159 3.2 -2.96706
211 166 3.2 -1.74533
1935 171 3.2 1.22173
808 180 3.2 2.0944
1701 183 3.2 -0.174533
899 190 3.2 -1.39626
537 197 3.2 -0.872665
942 203 3.2 2.0944
157 225 3.2 -1.0472
1798 234 3.2 -2.0944
1587 242 3.2 -1.22173
963 246 3.2 -1.5708
1116 254 3.2 -0.174533
1472 255 3.2 -1.5708
1429 257 3.2 1.39626
992 262 3.2 2.96706
798 265 3.2 -2.61799
1547 265 3.2 -0.698132
1235 269 3.2 1.22173
1091 277 3.2 -2.26893
863 279 3.2 1.74533
161 288 3.2 1.91986
527 288 3.2 -3.14159
511 289 3.2 -3.14159
1030 289 3.2 1.5708
272 295 3.2 2.0944
1402 297 3.2 0
932 305 3.2 -1.91986
1403 322 3.2 -1.5708
1493 322 3.2 -0.174533
1748 333 3.2 -0.872665
323 334 3.2 0.523599
179 350 3.2 0
1583 362 3.2 -0.174533
73 369 3.2 2.44346
518 388 3.2 -0.698132
898 389 3.2 1.91986
313 390 3.2 -3.14159
1633 390 3.2 -2.26893
625 401 3.2 -0.523599
1040 417 3.2 -1.74533
773 424 3.2 1.5708
177 435 3.2 -0.349066
871 440 3.2 -0.523599
298 442 3.2 2.79253
389 452 3.2 0
907 463 3.2 1.74533
1528 480 3.2 -0.523599
64 482 3.2 2.79253
1242 484 3.2 0.349066
292 486 3.2 -1.39626
945 496 3.2 0.872665
276 501 3.2 -2.44346
1225 502 3.2 2.26893
439 503 3.2 1.0472
955 506 3.2 0.872665
1079 521 3.2 1.22173
258 531 3.2 2.0944
506 539 3.2 0
1810 548 3.2 -1.91986
983 550 3.2 -2.79253
71 553 3.2 2.79253
267 557 3.2 -2.96706
426 575 3.2 1.74533
1319 576 3.2 -0.872665
1163 578 3.2 -0.872665
1600 588 3.2 2.0944
746 592 3.2 -2.0944
1186 598 3.2 0
167 599 3.2 -0.872665
1434 605 3.2 2.26893
1400 614 3.2 -2.44346
638 619 3.2 2.96706
550 620 3.2 -1.91986
209 634 3.2 2.96706
325 646 3.2 2.61799
1360 647 3.2 -2.26893
1680 651 3.2 -0.174533
931 652 3.2 -1.91986
521 655 3.2 2.0944
793 655 3.2 2.44346
968 656 3.2 -1.74533
950 658 3.2 1.0472
1260 659 3.2 0.349066
994 662 3.2 0
1050 664 3.2 0.872665
919 669 3.2 -1.0472
1352 669 3.2 -0.174533
1745 669 3.2 -0.872665
1726 673 3.2 0.349066
679 674 3.2 -2.0944
609 676 3.2 1.91986
46 681 3.2 -1.0472
1794 681 3.2 -0.349066
1877 681 3.2 0.174533
10 682 3.2 -2.61799
1338 688 3.2 -1.0472
755 691 3.2 -2.44346
989 693 3.2 -0.349066
2010 703 3.2 -2.96706
247 705 3.2 0
403 708 3.2 0.349066
97 710 3.2 1.5708
1830 710 3.2 2.96706
1385 715 3.2 1.22173
819 718 3.2 1.0472
1782 727 3.2 -3.14159
1829 731 3.2 2.96706
1709 734 3.2 -2.79253
1725 740 3.2 -2.79253
393 743 3.2 1.0472
1742 753 3.2 2.26893
1549 756 3.2 -0.698132
25 771 3.2 -0.872665
2009 791 3.2 -0.349066
1021 804 3.2 0.174533
1142 809 3.2 0
303 819 3.2 0.698132
1692 829 3.2 0
1960 831 3.2 -2.0944
1521 850 3.2 -1.5708
573 863 3.2 2.61799
1239 868 3.2 0.523599
343 876 3.2 -1.91986
517 877 3.2 -1.39626
1025 880 3.2 -2.0944
594 881 3.2 -0.349066
1437 898 3.2 -0.523599
263 900 3.2 -3.14159
1709 902 3.2 2.44346
543 916 3.2 0.698132
1770 918 3.2 -2.79253
20 920 3.2 -1.5708
1038 922 3.2 0
1165 924 3.2 1.5708
125 926 3.2 1.5708
1579 933 3.2 2.96706
1530 942 3.2 1.5708
653 945 3.2 2.44346
1825 956 3.2 1.5708
40 960 3.2 -1.5708
1441 968 3.2 1.5708
1892 968 3.2 1.91986
119 969 3.2 -1.39626
789 976 3.2 -3.14159
1589 977 3.2 -1.91986
1401 980 3.2 -0.523599
488 981 3.2 1.74533
1485 984 3.2 0.872665
31 989 3.2 2.44346
1082 994 3.2 -1.0472
63 1007 3.2 1.22173
522 1008 3.2 1.74533
1809 1014 3.2 1.39626
880 1016 3.2 0.349066
1604 1018 3.2 1.0472
447 1019 3.2 0.872665
1756 1031 3.2 -1.91986
109 1033 3.2 -0.349066
731 1041 3.2 -0.174533
551 1048 3.2 1.74533
511 1052 3.2 1.5708
1191 1056 3.2 -1.5708
416 1061 3.2 -0.698132
932 1070 3.2 -1.22173
1512 1072 3.2 -1.5708
177 1083 3.2 -0.174533
589 1086 3.2 0
1762 1086 3.2 0.174533
1143 1091 3.2 -1.39626
694 1093 3.2 2.96706
423 1112 3.2 -0.174533
1212 1126 3.2 2.26893
299 1136 3.2 0.174533
2032 1136 3.2 1.0472
651 1144 3.2 -0.349066
1373 1144 3.2 2.26893
360 1149 3.2 2.96706
1729 1149 3.2 -1.39626
1645 1162 3.2 2.61799
1788 1163 3.2 -1.91986
894 1164 3.2 -0.872665
1959 1178 3.2 0
1234 1179 3.2 -0.349066
1797 1180 3.2 1.39626
884 1182 3.2 -0.698132
1562 1188 3.2 -1.5708
789 1200 3.2 0.349066
798 1203 3.2 0.349066
1826 1206 3.2 -3.14159
1763 1211 3.2 1.91986
1263 1219 3.2 -0.174533
1609 1220 3.2 1.5708
1723 1220 3.2 -3.14159
727 1226 3.2 2.44346
545 1229 3.2 -0.174533
1047 1231 3.2 0
1792 1234 3.2 -2.26893
446 1235 3.2 2.44346
328 1243 3.2 -2.79253
1194 1244 3.2 -0.872665
720 1247 3.2 1.74533
1909 1249 3.2 0.523599
70 1252 3.2 -0.349066
180 1255 3.2 0.349066
175 1265 3.2 -0.349066
230 1268 3.2 0.698132
1517 1269 3.2 2.26893
1832 1271 3.2 -0.872665
180 1276 3.2 2.79253
468 1279 3.2 1.5708
147 1280 3.2 -0.174533
308 1280 3.2 -1.39626
1149 1284 3.2 1.5708
79 1285 3.2 -1.22173
687 1285 3.2 0.698132
1299 1292 3.2 1.22173
1146 1301 3.2 -0.174533
1195 1303 3.2 -0.523599
953 1310 3.2 1.39626
600 1311 3.2 0
1305 1327 3.2 -1.0472
1144 1328 3.2 0.349066
911 1334 3.2 -1.0472
263 1337 3.2 2.44346
1257 1341 3.2 -3.14159
1222 1374 3.2 2.79253
1494 1381 3.2 -1.39626
1135 1385 3.2 -0.174533
1686 1386 3.2 0.872665
1849 1389 3.2 -2.79253
1411 1393 3.2 2.61799
2007 1396 3.2 0.872665
1603 1411 3.2 -2.44346
2024 1412 3.2 -1.5708
941 1413 3.2 1.39626
998 1414 3.2 1.74533
462 1440 3.2 -2.61799
698 1442 3.2 -2.96706
725 1448 3.2 -0.174533
1004 1453 3.2 0.872665
464 1456 3.2 0.872665
78 1463 3.2 2.26893
473 1463 3.2 0.872665
240 1467 3.2 -2.0944
193 1469 3.2 -3.14159
1470 1474 3.2 -2.61799
1845 1489 3.2 -1.91986
2024 1502 3.2 0.698132
1982 1513 3.2 -2.96706
1175 1522 3.2 0.349066
419 1523 3.2 1.74533
1921 1524 3.2 2.79253
1133 1526 3.2 -0.174533
1740 20 2.53984 -1.0472
1180 40 2.53984 1.91986
1176 54 2.53984 1.91986
408 76 2.53984 2.96706
208 84 2.53984 -0.174533
1922 98 2.53984 -1.0472
456 118 2.53984 2.61799
1338 118 2.53984 -0.523599
1524 118 2.53984 0.698132
1694 130 2.53984 1.39626
1066 144 2.53984 1.91986
952 170 2.53984 -2.96706
1124 180 2.53984 1.39626
1072 202 2.53984 -2.96706
1402 216 2.53984 -1.0472
26 224 2.53984 -3.14159
1286 258 2.53984 2.44346
962 264 2.53984 0
1632 270 2.53984 -2.26893
748 272 2.53984 1.39626
680 276 2.53984 -1.22173
1402 296 2.53984 -3.14159
1840 312 2.53984 1.74533
696 322 2.53984 2.0944
1794 328 2.53984 0.698132
1110 350 2.53984 0.872665
1308 432 2.53984 -2.26893
1384 434 2.53984 1.39626
464 440 2.53984 1.74533
1438 442 2.53984 1.5708
932 446 2.53984 0
406 464 2.53984 0.523599
504 488 2.53984 -0.523599
162 490 2.53984 -1.74533
1680 494 2.53984 0.698132
1574 506 2.53984 -1.39626
1306 508 2.53984 -0.174533
984 518 2.53984 2.96706
1484 534 2.53984 1.0472
1884 536 2.53984 -2.96706
686 540 2.53984 -1.39626
44 544 2.53984 -2.96706
564 562 2.53984 -0.872665
1542 574 2.53984 -2.0944
864 584 2.53984 -2.0944
1410 596 2.53984 2.0944
1494 600 2.53984 0
378 608 2.53984 2.96706
880 610 2.53984 1.0472
960 620 2.53984 -1.91986
1586 660 2.53984 2.44346
1294 662 2.53984 -0.174533
1830 666 2.53984 2.26893
1876 680 2.53984 -2.96706
1312 714 2.53984 2.0944
578 746 2.53984 0.174533
1804 752 2.53984 -1.5708
1272 764 2.53984 1.22173
814 768 2.53984 -3.14159
902 790 2.53984 -1.74533
716 810 2.53984 2.79253
1644 820 2.53984 2.26893
1174 832 2.53984 -3.14159
798 836 2.53984 1.22173
1612 844 2.53984 0.174533
622 858 2.53984 1.0472
1192 868 2.53984 2.96706
1406 904 2.53984 -0.872665
860 918 2.53984 1.22173
1038 924 2.53984 -2.96706
400 926 2.53984 -0.174533
198 938 2.53984 1.22173
318 938 2.53984 -0.349066
714 938 2.53984 -1.39626
1460 944 2.53984 0.174533
1974 958 2.53984 -1.39626
138 968 2.53984 -3.14159
646 972 2.53984 -0.523599
1866 982 2.53984 -2.79253
322 998 2.53984 0.349066
1186 1002 2.53984 1.0472
1870 1012 2.53984 1.22173
448 1018 2.53984 -1.74533
582 1046 2.53984 2.26893
1620 1072 2.53984 0.349066
1350 1078 2.53984 -1.22173
1650 1084 2.53984 1.74533
1706 1092 2.53984 2.96706
1444 1106 2.53984 0.349066
124 1108 2.53984 -0.349066
1862 1108 2.53984 -1.5708
1318 1116 2.53984 0.174533
1662 1132 2.53984 1.39626
504 1148 2.53984 2.0944
1248 1148 2.53984 -1.22173
2004 1162 2.53984 -2.26893
1064 1194 2.53984 -0.174533
464 1204 2.53984 2.79253
1226 1224 2.53984 1.74533
1610 1240 2.53984 -2.26893
1482 1244 2.53984 0
1082 1258 2.53984 -3.14159
420 1272 2.53984 1.91986
852 1280 2.53984 0.349066
1780 1284 2.53984 0
1392 1318 2.53984 0
1442 1322 2.53984 -1.22173
1438 1336 2.53984 -1.22173
474 1348 2.53984 -1.5708
1972 1368 2.53984 0.174533
1854 1408 2.53984 2.44346
1012 1436 2.53984 0
1846 1436 2.53984 -2.44346
1396 1440 2.53984 -2.96706
698 1442 2.53984 -3.14159
588 1444 2.53984 -1.5708
1550 1452 2.53984 -1.5708
676 1468 2.53984 0.174533
26 1478 2.53984 0.174533
888 1494 2.53984 1.5708
2024 1502 2.53984 0.523599
634 28 3.2 -0.174533
1702 44 3.2 2.96706
144 64 3.2 -2.61799
1038 84 3.2 -1.74533
1200 88 3.2 -0.349066
2010 90 3.2 0.174533
810 130 3.2 0.698132
1638 136 3.2 0.349066
1874 142 3.2 1.74533
1632 220 3.2 -0.872665
960 292 3.2 -0.698132
864 324 3.2 -1.91986
2022 364 3.2 -1.0472
1724 388 3.2 -1.74533
546 390 3.2 2.79253
1440 422 3.2 1.5708
1074 430 3.2 -3.14159
976 468 3.2 -0.174533
1512 488 3.2 -1.0472
338 512 3.2 -0.872665
610 528 3.2 1.0472
1904 546 3.2 -2.96706
996 590 3.2 -1.74533
1690 590 3.2 -1.74533
1002 612 3.2 -1.74533
620 618 3.2 -2.79253
184 630 3.2 2.0944
636 632 3.2 -2.79253
790 652 3.2 2.26893
496 664 3.2 1.74533
1200 682 3.2 0.349066
746 692 3.2 1.5708
856 710 3.2 -1.0472
538 722 3.2 1.5708
260 726 3.2 1.0472
1808 732 3.2 -1.5708
196 738 3.2 2.26893
1922 814 3.2 0.872665
260 816 3.2 -1.5708
982 936 3.2 -0.872665
1416 948 3.2 -0.349066
1148 978 3.2 2.44346
1838 1014 3.2 -1.74533
1496 1058 3.2 -1.74533
616 1086 3.2 -0.174533
1056 1098 3.2 -2.44346
2018 1176 3.2 -2.26893
26 1178 3.2 -1.5708
1826 1198 3.2 1.0472
182 1228 3.2 1.91986
140 1256 3.2 -0.523599
1624 1256 3.2 -0.523599
1274 1316 3.2 -1.5708
2030 1336 3.2 2.96706
682 1338 3.2 -1.74533
1830 1426 3.2 -2.61799
702 1476 3.2 1.39626
384 1480 3.2 -1.5708
1678 1498 3.2 -0.698132
382 1512 3.2 -1.39626
348 76 2.53984 -3.14159
1336 328 2.53984 -0.872665
1168 456 2.53984 -3.14159
340 512 2.53984 -3.14159
1520 652 2.53984 1.5708
48 1116 2.53984 -0.174533
496 1172 2.53984 2.0944
1648 1240 2.53984 -0.698132
676 1312 2.53984 -1.74533
1848 52 3.2 2.0944
1120 56 3.2 -2.44346
700 192 3.2 2.26893
244 216 3.2 2.96706
984 260 3.2 -0.523599
84 324 3.2 1.91986
1452 344 3.2 -2.61799
1252 452 3.2 0
1976 560 3.2 1.91986
1060 820 3.2 -1.39626
196 836 3.2 -0.523599
316 1096 3.2 1.0472
2000 1228 3.2 1.74533
1144 1248 3.2 1.5708
212 1340 3.2 2.26893
1720 1368 3.2 -2.26893
176 1384 3.2 2.26893
MATCHES 470
2 201 0.116432
3 3 0.0227905
4 5 0.11388
5 6 0.0447652
6 7 0.0758799
9 10 0.0762791
10 11 0.0252124
12 13 0.0822967
14 15 0.0601602
18 20 0.0423047
19 21 0.0853626
21 23 0.0375486
22 24 0.0585474
23 25 0.0275662
25 27 0.0685067
29 30 0.0474876
30 32 0.220064
31 33 0.106926
32 34 0.0218569
33 35 0.0217934
35 37 0.0606452
36 38 0.0793207
38 40 0.0591921
39 42 0.0527171
41 44 0.0532425
42 45 0.0662337
45 49 0.143822
46 50 0.042954
47 51 0.088445
48 52 0.0798789
49 53 0.0500109
50 55 0.0831879
51 56 0.0431363
53 57 0.0315217
54 58 0.0875229
55 59 0.0302888
57 61 0.057936
58 71 0.0874133
61 64 0.0955009
62 65 0.0885335
63 66 0.0687764
64 67 0.047447
66 69 0.0509031
67 71 0.0401015
68 73 0.050893
69 74 0.0433284
71 76 0.0479808
72 77 0.0497641
74 79 0.126636
75 80 0.0346422
76 81 0.0887839
77 82 0.0528105
82 53 0.120946
83 85 0.0836644
84 86 0.0613513
85 87 0.0525583
87 89 0.0793602
88 90 0.0628094
89 84 0.243925
90 92 0.0750524
96 98 0.0621558
97 99 0.0499544
98 100 0.301191
99 101 0.0222646
101 103 0.0419978
102 104 0.086318
103 105 0.0540133
104 106 0.0287834
106 108 0.133682
107 109 0.153839
110 111 0.0929181
111 112 0.0887611
112 113 0.0274843
113 575 0.114589
114 114 0.0712189
116 118 0.0422624
122 124 0.0459858
125 127 0.0676539
127 129 0.0461615
130 131 0.066936
131 132 0.0687692
132 133 0.0444411
133 135 0.0857293
134 136 0.0453708
137 139 0.0646115
139 141 0.0487116
141 143 0.08604
142 144 0.0864522
143 145 0.0888382
145 147 0.0356291
146 148 0.0802628
150 674 0.148281
151 151 0.0442444
152 153 0.341604
154 155 0.0260103
155 156 0.0426275
159 159 0.0907919
160 160 0.0749854
162 162 0.0481927
164 164 0.0682557
167 167 0.0528547
168 48 0.141997
169 169 0.116858
170 170 0.019822
171 171 0.0510176
174 172 0.0525481
175 173 0.0396403
177 177 0.102242
178 178 0.0383587
179 180 0.0212478
182 201 0.162619
184 184 0.0322798
185 185 0.0138779
186 186 0.0388001
187 187 0.0401795
188 188 0.0396653
189 189 0.0649042
191 191 0.067029
192 193 0.0771915
194 195 0.301173
195 196 0.0859486
196 197 0.134421
198 199 0.0403672
200 201 0.0622868
201 202 0.0811316
202 203 0.00590166
204 204 0.00674537
206 206 0.107023
207 207 0.0201295
209 209 0.0972743
211 211 0.00382011
212 212 0.0500646
213 213 0.0137074
215 215 0.0440033
216 216 0.0534524
217 217 0.0260458
218 218 0.0487141
219 219 0.0414957
220 220 0.162633
221 221 0.0348596
222 222 0.0368987
224 225 0.0454828
225 227 0.0171807
226 228 0.0706503
227 229 0.0819192
229 230 0.0119559
230 19 0.0937576
231 231 0.056671
232 232 0.113814
233 233 0.00715667
234 234 0.0349561
235 235 0.0524491
236 236 0.0164549
237 237 0.0419959
238 238 0.0510374
239 239 0.0835315
240 240 0.0258456
241 241 0.0839658
242 242 0.0725125
244 244 0.0296714
246 247 0.0441903
247 248 0.0352821
250 251 0.0644689
251 252 0.0546218
252 253 0.00688077
254 255 0.0679498
255 256 0.0225394
256 257 0.0444495
257 258 0.0451065
258 259 0.0648115
260 262 0.0565175
261 263 0.0279526
262 264 0.0592406
263 265 0.0402088
266 267 0.0564243
267 268 0.0574692
268 269 0.070251
270 271 0.0396446
271 272 0.0741348
272 273 0.0363637
273 46 0.108309
274 274 0.0427351
275 275 0.0509247
276 54 0.10499
278 277 0.0380631
279 309 0.0933459
280 279 0.0332896
281 280 0.0160438
282 281 0.0678038
284 283 0.005564
285 284 0.0541876
286 285 0.0362278
287 286 0.0417794
288 287 0.0753414
291 290 0.0995134
292 291 0.0611834
293 292 0.0579305
295 294 0.0506121
297 72 0.0785625
298 297 0.0126265
299 298 0.125916
301 300 0.0232777
303 302 0.0529573
306 305 0.0939516
307 306 0.0716029
309 308 0.0617264
310 83 0.123187
311 278 0.103179
312 310 0.00822022
313 311 0.0471842
314 312 0.0396775
315 313 0.0451563
316 315 0.266334
317 316 0.0687213
318 317 0.0425392
319 318 0.0711275
320 319 0.0595846
321 320 0.018311
323 322 0.0561159
328 327 0.0449845
331 331 0.106091
333 333 0.0281539
334 334 0.0177017
335 335 0.0599884
336 336 0.0522538
338 362 0.123385
339 339 0.0740585
341 341 0.0369496
342 342 0.0314703
345 346 0.0737268
346 347 0.0421659
347 348 0.0990307
350 351 0.0614905
351 352 0.0593631
352 354 0.0561138
353 355 0.0966532
356 358 0.0159545
358 360 0.0236945
360 362 0.0161583
361 364 0.135724
362 365 0.052285
363 366 0.0412856
364 369 0.0311974
365 370 0.0329019
366 371 0.0273684
367 372 0.0754199
368 373 0.0134706
369 374 0.026835
370 375 0.0210365
371 376 0.0466293
372 377 0.0670752
373 116 0.0771593
374 378 0.0342182
375 379 0.060267
376 380 0.033603
380 383 0.0272703
382 385 0.0402944
383 386 0.0470246
384 387 0.0546468
388 393 0.0486631
391 397 0.0468661
392 398 0.0482385
393 399 0.0495639
394 465 0.0874163
395 401 0.0647756
397 404 0.0271442
398 405 0.0535331
399 406 0.0698478
400 407 0.0661428
401 409 0.0371687
403 411 0.0436768
405 413 0.0302407
406 414 0.0108211
407 415 0.0374914
408 416 0.016094
409 417 0.0349563
410 418 0.0987876
414 421 0.0538149
415 422 0.0557563
416 423 0.064342
417 424 0.0123694
418 425 0.0479352
420 427 0.0049464
422 429 0.0953765
424 431 0.00542299
425 432 0.0537404
426 70 0.494098
428 434 0.0326706
430 436 0.0552485
431 438 0.0359151
432 439 0.054626
434 441 0.0334767
436 444 0.0058419
437 445 0.0486614
438 446 0.0665317
439 447 0.00574808
440 448 0.0127592
441 450 0.041613
442 451 0.0789473
444 453 0.0104303
445 454 0.0718322
448 456 0.0678511
449 457 0.0680163
451 459 0.0625582
452 461 0.0257725
453 462 0.0360124
454 463 0.0481276
455 464 0.0604142
456 465 0.0477804
459 468 0.0395049
460 470 0.0308366
461 474 0.094964
462 475 0.0804182
464 374 0.144401
465 477 0.00573738
466 478 0.0344689
467 480 0.0640343
468 481 0.13996
469 483 0.0402129
478 489 0.0659342
482 490 0.0614575
486 491 0.0274928
494 493 0.016603
499 494 0.00638522
500 495 0.0438003
505 497 0.0409208
514 546 0.177574
517 499 0.0252935
518 500 0.0377194
521 501 0.0167322
523 502 0.0414651
524 503 0.0180524
525 11 0.129491
531 504 0.0350034
533 505 0.0336616
535 506 0.0722517
536 507 0.0198004
537 508 0.0331468
545 509 0.127677
550 512 0.00539618
553 513 0.0157213
554 234 0.280386
564 514 0.0064273
566 516 0.00346273
569 517 0.058759
571 518 0.0268102
574 519 0.0323087
577 520 0.0852554
580 564 0.225956
581 522 0.108259
585 523 0.0561115
586 524 0.0716248
587 525 0.0492727
592 526 0.0443873
593 527 0.227518
602 530 0.051301
603 531 0.0734303
609 533 0.232154
611 534 0.0374663
613 536 0.0248706
615 537 0.0384453
623 538 0.0345917
624 539 0.0471068
627 540 0.0542184
637 542 0.0112333
650 544 0.0422449
652 545 0.043847
653 546 0.053396
660 548 0.00776514
663 550 0.00514313
666 552 0.055703
668 553 0.064746
669 554 0.00501155
679 555 0.0250323
680 556 0.051259
682 557 0.058373
685 558 0.00934885
687 559 0.0276869
688 560 0.065488
689 561 0.045168
691 562 0.018633
696 564 0.0453076
697 565 0.0516384
698 566 0.0463025
702 567 0.129122
713 571 0.00679379
718 572 0.027386
721 574 0.0115723
723 575 0.00534924
726 577 0.0712545
727 578 0.0777261
734 581 0.0933667
737 582 0.0170707
742 583 0.0331509
748 584 0.0108535
752 585 0.0177442
754 603 0.160377
758 586 0.0472577
761 587 0.0391309
762 588 0.0312425
767 589 0.0115881
769 590 0.0112959
773 592 0.0380539
778 593 0.0481408
780 594 0.0344564
783 595 0.0364417
784 596 0.0144042
795 599 0.051177
796 600 0.0255778
798 601 0.0558125
802 604 0.00923286
805 605 0.0561608
807 606 0.0378385
808 607 0.0244036
812 639 0.160538
813 610 0.0513995
814 611 0.0078606
816 613 0.00431965
819 616 0.0235904
820 617 0.0146625
821 618 0.00223058
822 619 0.0417859
823 620 0.0529166
825 621 0.297093
826 622 0.023936
829 624 0.0508801
830 625 0.00368853
831 626 0.0344352
832 627 0.064497
833 629 0.0249347
834 631 0.0540541
836 633 0.0247208
837 634 0.0795822
838 635 0.0517409
839 636 0.0700363
841 637 0.047757
842 638 0.0470311
843 639 0.0320582
844 640 0.028529
846 642 0.00315789
847 643 0.0422961
848 644 0.00302797
849 645 0.0126111
853 659 0.218561
854 646 0.0621949
858 648 0.028477
859 649 0.00331452
860 650 0.0276523
862 651 0.0565679
863 652 0.00339816
864 653 0.0351377
865 654 0.00379744
869 657 0.00263901
870 658 0.0360617
871 659 0.0456793
872 660 0.072417
873 591 0.370363
874 661 0.0335786
875 663 0.0417705
876 664 0.0323609
877 665 0.0275713
878 666 0.0280406
879 667 0.00839905
891 61 0.222213
924 676 0.198415
925 677 0.157222
931 682 0.21896
933 684 0.118261
950 693 0.126322
951 694 0.176464
