KEYPOINTS_A 1829
1392 13 2.53984 -1.74533
175 28 2.53984 0
1137 34 2.53984 0.349066
1916 37 2.53984 2.96706
519 42 2.53984 -2.79253
1586 43 2.53984 -1.74533
974 44 2.53984 -1.39626
806 45 2.53984 0.698132
1674 50 2.53984 -1.91986
865 52 2.53984 -2.44346
1890 55 2.53984 -1.39626
2162 55 2.53984 -0.174533
404 65 2.53984 -1.5708
1334 65 2.53984 -1.0472
273 66 2.53984 -0.349066
1374 69 2.53984 -0.523599
822 79 2.53984 1.91986
1967 80 2.53984 2.96706
1934 85 2.53984 0
947 86 2.53984 -0.872665
212 92 2.53984 0.698132
1030 95 2.53984 2.26893
924 102 2.53984 -1.91986
1669 102 2.53984 0
772 107 2.53984 0
105 116 2.53984 2.96706
293 120 2.53984 0
46 128 2.53984 -0.872665
379 131 2.53984 -2.0944
534 133 2.53984 -0.872665
1909 138 2.53984 2.44346
2324 140 2.53984 1.39626
790 146 2.53984 1.5708
897 146 2.53984 1.5708
488 150 2.53984 -2.96706
1498 152 2.53984 -1.5708
377 158 2.53984 -0.174533
1769 159 2.53984 -1.74533
467 167 2.53984 1.74533
893 168 2.53984 -1.74533
1295 169 2.53984 0.698132
1172 171 2.53984 1.5708
1166 183 2.53984 -3.14159
844 191 2.53984 0
777 193 2.53984 0
1035 194 2.53984 2.79253
1723 195 2.53984 -1.0472
908 206 2.53984 -1.74533
1253 210 2.53984 2.61799
1724 222 2.53984 -3.14159
959 225 2.53984 2.44346
675 227 2.53984 -0.523599
1380 235 2.53984 2.96706
1267 237 2.53984 2.61799
325 238 2.53984 0
1749 238 2.53984 1.74533
615 241 2.53984 -1.74533
391 248 2.53984 -2.26893
1995 252 2.53984 -1.22173
2127 254 2.53984 -2.96706
1473 256 2.53984 2.96706
2213 260 2.53984 0.523599
2137 270 2.53984 0.349066
1971 271 2.53984 -1.0472
1263 279 2.53984 -1.5708
1967 281 2.53984 -1.0472
1895 283 2.53984 -0.698132
320 287 2.53984 2.61799
273 293 2.53984 0.349066
2215 297 2.53984 1.0472
813 301 2.53984 0.872665
386 307 2.53984 -2.96706
1830 311 2.53984 1.5708
106 313 2.53984 1.39626
296 315 2.53984 -1.39626
955 322 2.53984 1.39626
1966 322 2.53984 1.39626
374 323 2.53984 1.74533
1639 325 2.53984 1.22173
425 334 2.53984 -1.5708
670 338 2.53984 1.39626
2095 338 2.53984 1.74533
197 344 2.53984 0.174533
2176 345 2.53984 0.349066
1704 348 2.53984 0.349066
2191 349 2.53984 -0.872665
154 352 2.53984 -0.872665
1103 352 2.53984 -2.0944
332 360 2.53984 -0.349066
1866 364 2.53984 -2.44346
1361 365 2.53984 -0.349066
1598 367 2.53984 2.79253
425 371 2.53984 -0.523599
2095 371 2.53984 1.22173
219 378 2.53984 1.74533
567 382 2.53984 -1.22173
2157 384 2.53984 0.872665
612 405 2.53984 0
625 405 2.53984 2.0944
573 407 2.53984 1.91986
119 408 2.53984 -1.74533
2156 409 2.53984 -0.698132
763 415 2.53984 -2.96706
1977 416 2.53984 -2.79253
1900 417 2.53984 -1.74533
2142 425 2.53984 2.0944
530 426 2.53984 0.174533
1715 431 2.53984 1.91986
325 436 2.53984 -1.39626
697 436 2.53984 2.79253
2270 437 2.53984 -2.0944
775 439 2.53984 0.698132
489 443 2.53984 2.26893
788 446 2.53984 1.39626
1651 451 2.53984 -2.26893
953 454 2.53984 -0.523599
222 457 2.53984 -0.174533
871 457 2.53984 1.22173
1443 461 2.53984 -0.872665
1480 468 2.53984 1.39626
944 473 2.53984 0.872665
467 480 2.53984 1.39626
1113 498 2.53984 0.872665
1155 502 2.53984 1.39626
397 509 2.53984 2.96706
380 512 2.53984 0.523599
751 513 2.53984 2.26893
2210 518 2.53984 1.5708
161 526 2.53984 0.174533
1227 535 2.53984 0.174533
873 542 2.53984 -1.39626
898 546 2.53984 0
179 555 2.53984 -2.96706
474 557 2.53984 0.872665
498 558 2.53984 -0.698132
692 569 2.53984 0
1697 577 2.53984 -3.14159
1234 581 2.53984 -3.14159
562 582 2.53984 -3.14159
238 583 2.53984 1.5708
947 584 2.53984 -1.39626
521 585 2.53984 1.39626
545 596 2.53984 0
702 601 2.53984 1.22173
434 615 2.53984 -3.14159
1572 619 2.53984 2.26893
2013 619 2.53984 2.0944
684 624 2.53984 1.5708
1122 625 2.53984 2.26893
103 626 2.53984 1.39626
783 626 2.53984 2.0944
862 626 2.53984 0.349066
138 627 2.53984 2.61799
290 630 2.53984 0.349066
2219 635 2.53984 1.5708
89 637 2.53984 -0.174533
1571 637 2.53984 1.91986
1623 640 2.53984 -0.174533
2162 644 2.53984 0.349066
1589 645 2.53984 2.61799
941 651 2.53984 -2.44346
504 658 2.53984 0.174533
714 661 2.53984 1.5708
284 663 2.53984 -1.74533
1411 665 2.53984 -2.0944
298 668 2.53984 0.174533
319 670 2.53984 1.5708
680 673 2.53984 -1.74533
2047 673 2.53984 -2.44346
1847 678 2.53984 -0.349066
1594 682 2.53984 0.174533
2212 682 2.53984 2.0944
1412 685 2.53984 -1.74533
269 689 2.53984 2.0944
2072 689 2.53984 -2.96706
127 691 2.53984 -0.523599
1718 693 2.53984 -1.74533
2290 697 2.53984 0.523599
776 700 2.53984 -0.698132
1755 704 2.53984 2.96706
389 712 2.53984 1.5708
1212 712 2.53984 -1.39626
1730 718 2.53984 2.44346
1755 724 2.53984 0.349066
2026 727 2.53984 0.523599
971 731 2.53984 -0.872665
749 733 2.53984 -3.14159
1085 733 2.53984 1.5708
2087 733 2.53984 1.39626
156 737 2.53984 -1.5708
2086 740 2.53984 1.39626
1035 746 2.53984 1.5708
1267 748 2.53984 2.0944
2011 750 2.53984 2.44346
50 777 2.53984 1.5708
921 778 2.53984 2.44346
796 789 2.53984 1.74533
129 790 2.53984 -0.872665
212 797 2.53984 2.26893
1138 798 2.53984 2.79253
1959 800 2.53984 -2.44346
345 809 2.53984 2.79253
1620 809 2.53984 -1.5708
569 813 2.53984 -1.22173
738 814 2.53984 1.74533
2093 822 2.53984 2.96706
1029 827 2.53984 -1.39626
2044 829 2.53984 -2.61799
1316 834 2.53984 -1.39626
1734 834 2.53984 -2.61799
580 837 2.53984 -2.96706
1632 838 2.53984 -0.523599
883 846 2.53984 -2.96706
1237 853 2.53984 -0.349066
197 855 2.53984 -2.0944
1671 866 2.53984 -0.349066
673 869 2.53984 1.5708
1202 873 2.53984 0.523599
1199 888 2.53984 -0.349066
1617 890 2.53984 -2.0944
1997 892 2.53984 -1.5708
900 895 2.53984 -1.74533
950 895 2.53984 -1.5708
1232 898 2.53984 -0.174533
266 904 2.53984 2.61799
2248 904 2.53984 2.26893
750 914 2.53984 2.0944
1574 915 2.53984 -0.698132
2114 922 2.53984 -0.174533
2258 930 2.53984 -1.74533
655 934 2.53984 0.349066
1724 942 2.53984 2.0944
223 944 2.53984 -2.79253
1098 947 2.53984 -3.14159
1239 954 2.53984 -0.872665
2149 956 2.53984 0.174533
1138 966 2.53984 1.74533
435 967 2.53984 -0.872665
908 967 2.53984 0
1162 967 2.53984 -1.5708
1204 968 2.53984 2.44346
1118 973 2.53984 -2.96706
1848 979 2.53984 -1.74533
331 987 2.53984 -2.96706
763 1001 2.53984 -0.349066
1323 1010 2.53984 0.698132
1574 1014 2.53984 -0.349066
1740 1014 2.53984 -2.26893
821 1019 2.53984 -0.349066
1626 1019 2.53984 1.39626
2103 1026 2.53984 -1.39626
1628 1027 2.53984 1.39626
1056 1029 2.53984 -1.5708
168 1031 2.53984 2.96706
2214 1033 2.53984 2.61799
1020 1039 2.53984 1.74533
369 1042 2.53984 -1.91986
1812 1050 2.53984 -2.96706
1876 1051 2.53984 1.5708
1169 1054 2.53984 -0.349066
92 1056 2.53984 -1.91986
766 1057 2.53984 1.5708
1318 1062 2.53984 0.174533
484 1071 2.53984 -3.14159
2151 1082 2.53984 0.698132
710 1090 2.53984 0
1275 1091 2.53984 0.174533
1318 1113 2.53984 -2.44346
222 1117 2.53984 1.74533
47 1118 2.53984 0.872665
932 1123 2.53984 -0.174533
266 1131 2.53984 -1.5708
1136 1133 2.53984 -0.174533
588 1137 2.53984 -0.698132
1364 1147 2.53984 0
59 1150 2.53984 -0.698132
256 1150 2.53984 0.698132
1305 1163 2.53984 -1.74533
1446 1165 2.53984 -2.0944
1250 1181 2.53984 2.0944
1344 1181 2.53984 -0.523599
406 1184 2.53984 2.96706
1670 1184 2.53984 -1.5708
1246 1189 2.53984 2.0944
1721 1189 2.53984 -0.523599
34 1190 2.53984 1.91986
722 1191 2.53984 -1.0472
1766 1198 2.53984 -1.0472
1979 1198 2.53984 0.872665
32 1199 2.53984 1.91986
1871 1199 2.53984 1.74533
856 1203 2.53984 2.79253
86 1204 2.53984 -1.91986
260 1205 2.53984 1.91986
1238 1205 2.53984 -1.91986
18 1209 2.53984 0.174533
2126 1213 2.53984 -3.14159
963 1214 2.53984 1.0472
1926 1216 2.53984 2.26893
1659 1219 2.53984 -0.349066
1698 1228 2.53984 -3.14159
453 1230 2.53984 -0.872665
1517 1234 2.53984 -1.91986
1550 1238 2.53984 2.96706
730 1239 2.53984 0.872665
1113 1240 2.53984 -1.39626
1097 1242 2.53984 -2.44346
1412 1244 2.53984 0
735 1245 2.53984 -1.91986
34 1246 2.53984 2.96706
1188 1249 2.53984 2.79253
645 1253 2.53984 -1.91986
2174 1253 2.53984 1.74533
2132 1254 2.53984 2.61799
1840 1258 2.53984 1.5708
2278 1266 2.53984 -2.0944
1408 1267 2.53984 -2.26893
714 1279 2.53984 1.5708
1531 1281 2.53984 1.5708
845 1290 2.53984 -2.96706
1291 1295 2.53984 -2.96706
1863 1308 2.53984 2.96706
2043 1311 2.53984 0.872665
260 1313 2.53984 -1.5708
975 1313 2.53984 -2.0944
1117 1315 2.53984 0.349066
1568 1317 2.53984 -2.96706
668 1318 2.53984 0
2334 1319 2.53984 -0.872665
2077 1325 2.53984 1.5708
447 1327 2.53984 -2.79253
2281 1336 2.53984 2.26893
1702 1337 2.53984 0.349066
94 1350 2.53984 -2.61799
974 1351 2.53984 1.5708
1552 1352 2.53984 1.39626
393 1353 2.53984 0.174533
1945 1354 2.53984 0
1886 1358 2.53984 2.26893
1845 1361 2.53984 1.39626
2260 1364 2.53984 -1.39626
640 1368 2.53984 1.91986
381 1370 2.53984 0.174533
1124 1372 2.53984 0.872665
1036 1375 2.53984 1.39626
1834 1378 2.53984 -2.96706
224 1404 2.53984 -0.698132
193 1412 2.53984 1.91986
872 1412 2.53984 0.523599
2297 1415 2.53984 -1.74533
714 1426 2.53984 -1.22173
1137 1426 2.53984 -2.26893
694 1430 2.53984 -0.523599
1421 1436 2.53984 -2.79253
1985 1436 2.53984 0
428 1439 2.53984 -0.872665
333 1442 2.53984 2.79253
177 1443 2.53984 -2.79253
1894 1445 2.53984 0.698132
446 1450 2.53984 1.74533
2317 1455 2.53984 2.96706
734 1457 2.53984 0.349066
2253 1458 2.53984 0.174533
483 1462 2.53984 -0.174533
959 1463 2.53984 1.0472
1542 1467 2.53984 -1.22173
1289 1471 2.53984 1.5708
1908 1481 2.53984 1.74533
1410 1482 2.53984 1.39626
310 1489 2.53984 2.26893
879 1491 2.53984 -2.96706
1235 1501 2.53984 -0.174533
1743 1505 2.53984 2.61799
434 1515 2.53984 1.74533
831 1516 2.53984 -0.174533
923 1516 2.53984 2.96706
1545 1519 2.53984 -2.44346
13 1526 2.53984 -2.0944
2298 1543 2.53984 1.74533
1261 1544 2.53984 -3.14159
1654 1545 2.53984 1.5708
1831 1545 2.53984 2.44346
1118 1546 2.53984 2.26893
1721 1550 2.53984 -1.0472
780 1558 2.53984 -2.44346
1605 1569 2.53984 2.26893
107 1575 2.53984 2.61799
813 1577 2.53984 -2.61799
1862 1580 2.53984 1.5708
2096 1586 2.53984 -1.5708
381 1592 2.53984 0.523599
1028 1592 2.53984 -2.96706
1206 1596 2.53984 1.0472
1228 1596 2.53984 1.5708
1730 1596 2.53984 -1.0472
2221 1597 2.53984 2.96706
17 1598 2.53984 0.349066
2131 1604 2.53984 -1.0472
1212 1610 2.53984 1.91986
1239 1619 2.53984 -1.22173
2186 1619 2.53984 -0.523599
871 1625 2.53984 -0.523599
1431 1626 2.53984 0.174533
1183 1627 2.53984 -0.698132
1292 1628 2.53984 0.523599
91 1630 2.53984 -1.39626
602 1637 2.53984 -2.0944
1303 1644 2.53984 -0.872665
815 1645 2.53984 -2.44346
1663 1650 2.53984 -2.0944
2235 1658 2.53984 -1.74533
378 1664 2.53984 -2.96706
423 1665 2.53984 2.44346
1819 1665 2.53984 -1.0472
1724 1673 2.53984 -1.91986
2283 1677 2.53984 1.74533
1141 1695 2.53984 -2.44346
2281 1701 2.53984 1.22173
280 1702 2.53984 1.39626
515 1702 2.53984 0
380 1704 2.53984 1.5708
352 1709 2.53984 1.5708
131 1713 2.53984 -0.523599
859 1719 2.53984 0.698132
1638 1726 2.53984 1.5708
166 1727 2.53984 1.74533
429 1733 2.53984 1.91986
1199 1738 2.53984 -1.0472
145 1741 2.53984 -0.872665
2087 1742 2.53984 -0.174533
486 1743 2.53984 -2.96706
834 1743 2.53984 1.74533
1511 1743 2.53984 1.5708
636 1744 2.53984 1.22173
2181 1744 2.53984 -1.5708
1520 1745 2.53984 2.0944
1737 1752 2.53984 0.349066
1933 1753 2.53984 0
1116 15 3.2 -3.14159
1918 19 3.2 -3.14159
1958 19 3.2 0
423 22 3.2 0.698132
1674 25 3.2 1.39626
1461 27 3.2 0.349066
1679 32 3.2 1.39626
2230 33 3.2 -1.39626
1338 42 3.2 -1.0472
2230 43 3.2 -1.39626
637 44 3.2 -0.349066
1357 46 3.2 2.0944
900 49 3.2 2.96706
1099 57 3.2 2.44346
1403 57 3.2 2.79253
1541 62 3.2 1.74533
926 68 3.2 0.174533
266 70 3.2 -0.523599
1861 73 3.2 2.44346
2199 73 3.2 1.0472
1700 77 3.2 2.96706
1666 79 3.2 0.698132
1192 85 3.2 2.96706
149 89 3.2 -1.74533
1497 94 3.2 -0.698132
233 95 3.2 -2.44346
861 110 3.2 0.872665
1242 113 3.2 -0.872665
1823 114 3.2 1.5708
793 116 3.2 -1.0472
372 120 3.2 -2.0944
1550 125 3.2 1.0472
326 128 3.2 -2.96706
786 128 3.2 -1.0472
1094 130 3.2 -1.39626
1014 137 3.2 2.96706
2255 140 3.2 -2.79253
945 142 3.2 0
1223 144 3.2 -2.26893
1989 148 3.2 -1.0472
1180 152 3.2 1.91986
1231 152 3.2 -2.26893
898 155 3.2 1.5708
1107 156 3.2 0.174533
635 157 3.2 0.174533
944 158 3.2 -1.22173
1205 162 3.2 -0.698132
1344 164 3.2 -0.523599
670 173 3.2 2.79253
596 178 3.2 -2.79253
868 179 3.2 2.79253
1996 187 3.2 1.0472
2180 188 3.2 -2.61799
126 193 3.2 -2.61799
1958 194 3.2 -0.698132
799 197 3.2 -2.96706
1749 197 3.2 -1.74533
1298 198 3.2 -1.22173
1562 200 3.2 -2.26893
1824 201 3.2 -2.96706
1613 206 3.2 -0.349066
1992 208 3.2 -1.5708
830 212 3.2 -3.14159
1167 215 3.2 1.39626
2234 230 3.2 -0.174533
1313 233 3.2 1.74533
1588 233 3.2 1.5708
1849 234 3.2 -0.872665
137 237 3.2 0.698132
599 237 3.2 -1.91986
839 238 3.2 -0.174533
82 239 3.2 -0.349066
2181 240 3.2 0.523599
1058 242 3.2 0.349066
1896 246 3.2 -1.22173
471 252 3.2 -2.79253
1031 252 3.2 -0.872665
1183 254 3.2 -1.5708
1494 257 3.2 -2.96706
773 259 3.2 -0.872665
1965 261 3.2 -2.61799
378 266 3.2 1.5708
2253 267 3.2 -1.74533
1339 274 3.2 -1.22173
393 276 3.2 -1.91986
851 280 3.2 1.0472
1955 282 3.2 1.22173
290 286 3.2 0
603 286 3.2 0
360 287 3.2 -2.44346
857 287 3.2 1.0472
1093 287 3.2 0
1165 289 3.2 0.872665
119 296 3.2 -3.14159
371 299 3.2 -2.44346
331 301 3.2 2.79253
430 307 3.2 -1.5708
108 322 3.2 -2.79253
1761 327 3.2 2.26893
250 329 3.2 0.523599
923 334 3.2 -1.22173
57 341 3.2 -2.61799
2160 346 3.2 0.872665
1572 356 3.2 -2.26893
2313 357 3.2 -2.96706
1108 359 3.2 -2.0944
786 360 3.2 -2.96706
1295 360 3.2 1.91986
241 361 3.2 -1.74533
2227 368 3.2 -2.79253
784 369 3.2 -2.96706
18 370 3.2 1.5708
1874 371 3.2 -2.44346
2014 371 3.2 0.523599
1743 377 3.2 0.698132
2054 384 3.2 2.96706
1409 394 3.2 0
628 397 3.2 2.0944
43 402 3.2 0.872665
1267 408 3.2 1.39626
1320 408 3.2 -2.61799
1190 414 3.2 1.91986
291 415 3.2 2.0944
108 422 3.2 1.91986
2281 422 3.2 1.22173
782 424 3.2 -1.39626
438 427 3.2 2.26893
1833 437 3.2 -0.174533
1103 441 3.2 -2.0944
1189 444 3.2 2.0944
1281 456 3.2 2.79253
2069 456 3.2 1.5708
910 461 3.2 1.91986
504 465 3.2 -2.96706
514 466 3.2 -2.96706
1497 467 3.2 2.26893
1483 477 3.2 1.39626
364 481 3.2 -3.14159
1214 481 3.2 -1.91986
1636 484 3.2 2.26893
2104 484 3.2 -0.872665
2297 485 3.2 -2.61799
127 492 3.2 1.5708
438 494 3.2 -1.5708
2156 494 3.2 -2.0944
2280 494 3.2 -1.5708
1689 500 3.2 1.74533
1167 519 3.2 -2.79253
1963 525 3.2 1.74533
407 538 3.2 1.5708
1138 540 3.2 -2.96706
480 542 3.2 0
550 542 3.2 2.61799
327 547 3.2 1.91986
1869 548 3.2 2.96706
688 550 3.2 1.91986
1022 551 3.2 2.0944
143 553 3.2 -2.44346
200 559 3.2 -0.698132
30 560 3.2 -1.74533
1750 563 3.2 1.22173
1332 567 3.2 -0.872665
1580 567 3.2 0.174533
511 568 3.2 2.26893
908 572 3.2 -1.91986
2061 572 3.2 -2.79253
97 580 3.2 -1.5708
802 582 3.2 0
477 584 3.2 -1.5708
877 587 3.2 0.698132
1861 589 3.2 2.61799
154 593 3.2 0.698132
284 594 3.2 0.174533
1799 594 3.2 0.698132
1411 597 3.2 1.74533
2279 598 3.2 -1.39626
1933 599 3.2 -1.74533
1917 605 3.2 1.74533
1974 605 3.2 -0.349066
228 609 3.2 0.523599
1464 611 3.2 -1.22173
201 613 3.2 0.523599
208 618 3.2 -2.96706
1884 619 3.2 -0.872665
606 620 3.2 1.74533
217 622 3.2 -2.96706
1055 622 3.2 0
1517 628 3.2 2.61799
1759 633 3.2 2.26893
441 634 3.2 -3.14159
1129 642 3.2 2.96706
301 645 3.2 -1.39626
971 647 3.2 -0.523599
1194 647 3.2 -2.26893
1309 652 3.2 -3.14159
1900 653 3.2 -3.14159
1842 654 3.2 1.91986
2262 657 3.2 0
21 660 3.2 -2.79253
1536 666 3.2 0
307 667 3.2 0.174533
1082 671 3.2 -1.0472
2152 674 3.2 -0.523599
1315 677 3.2 -2.79253
1102 680 3.2 1.5708
1604 681 3.2 0
2281 684 3.2 0
830 686 3.2 -3.14159
58 687 3.2 1.0472
1309 689 3.2 0.523599
380 690 3.2 2.79253
1692 693 3.2 -1.22173
936 695 3.2 -1.74533
552 698 3.2 -1.22173
144 700 3.2 1.91986
1688 702 3.2 -1.22173
548 713 3.2 2.44346
1939 718 3.2 1.91986
1681 726 3.2 -2.61799
1707 726 3.2 2.96706
1955 727 3.2 -2.44346
1450 736 3.2 0.872665
288 738 3.2 -0.872665
1709 743 3.2 -0.174533
2323 748 3.2 -2.96706
826 750 3.2 -1.91986
225 751 3.2 -0.872665
1682 751 3.2 0
1294 754 3.2 0.174533
852 763 3.2 -0.349066
567 770 3.2 2.96706
89 773 3.2 2.0944
215 774 3.2 0.698132
1141 774 3.2 -1.5708
1510 774 3.2 -1.39626
389 775 3.2 -1.91986
224 780 3.2 2.79253
275 785 3.2 -3.14159
1928 789 3.2 1.39626
255 796 3.2 2.44346
1050 799 3.2 -2.79253
1599 802 3.2 -2.96706
207 804 3.2 2.44346
2284 805 3.2 -3.14159
1799 811 3.2 0.523599
1313 817 3.2 2.44346
592 822 3.2 0.872665
1158 826 3.2 -2.26893
829 830 3.2 -2.79253
929 832 3.2 1.39626
1703 837 3.2 2.44346
1942 837 3.2 -1.74533
368 839 3.2 1.39626
1696 842 3.2 2.44346
1750 842 3.2 -1.74533
1775 847 3.2 2.26893
1246 856 3.2 0
671 860 3.2 1.39626
1186 865 3.2 0.698132
1982 865 3.2 -2.26893
1922 867 3.2 0.523599
1273 871 3.2 -0.174533
347 874 3.2 0
2241 874 3.2 1.91986
757 879 3.2 -0.349066
600 880 3.2 -0.174533
333 884 3.2 -2.96706
215 887 3.2 0.174533
777 888 3.2 -1.22173
275 891 3.2 2.79253
1940 893 3.2 1.91986
2274 894 3.2 0.872665
695 905 3.2 2.26893
1054 906 3.2 2.26893
1117 906 3.2 2.96706
2081 906 3.2 2.96706
623 907 3.2 -1.22173
2071 909 3.2 2.96706
830 910 3.2 1.5708
1730 917 3.2 -2.96706
408 926 3.2 -2.96706
1285 926 3.2 -0.872665
1424 927 3.2 -1.0472
2027 927 3.2 0.872665
781 931 3.2 -0.523599
1176 931 3.2 0
741 936 3.2 0.174533
665 942 3.2 -2.61799
764 944 3.2 2.96706
272 952 3.2 0.174533
216 953 3.2 1.74533
442 954 3.2 2.0944
964 958 3.2 -0.349066
1348 962 3.2 -0.174533
1991 963 3.2 -1.0472
2066 964 3.2 1.74533
759 977 3.2 0.349066
2019 978 3.2 0.523599
1161 979 3.2 -2.26893
1535 979 3.2 1.5708
737 983 3.2 0.872665
1009 984 3.2 2.0944
139 987 3.2 1.0472
366 987 3.2 -1.91986
1679 988 3.2 2.79253
1930 991 3.2 -1.91986
1403 995 3.2 1.74533
824 996 3.2 1.74533
620 997 3.2 -1.39626
187 999 3.2 -3.14159
734 999 3.2 -2.61799
1643 999 3.2 2.0944
886 1000 3.2 -1.5708
2068 1001 3.2 -0.523599
441 1002 3.2 1.74533
947 1003 3.2 -1.22173
252 1004 3.2 0.523599
463 1004 3.2 -2.79253
1430 1006 3.2 -1.0472
1378 1007 3.2 2.44346
2077 1009 3.2 -0.523599
1872 1011 3.2 -0.174533
1566 1016 3.2 -0.349066
2030 1016 3.2 2.0944
1194 1020 3.2 -0.698132
1770 1030 3.2 -1.5708
160 1033 3.2 2.96706
2192 1033 3.2 -2.26893
968 1041 3.2 1.5708
1042 1052 3.2 2.26893
34 1061 3.2 0.698132
1064 1061 3.2 -0.349066
292 1064 3.2 1.0472
1134 1069 3.2 0.174533
941 1071 3.2 1.5708
2191 1072 3.2 0.174533
537 1079 3.2 2.0944
864 1079 3.2 0.698132
772 1080 3.2 2.26893
2316 1082 3.2 -2.96706
1453 1085 3.2 2.0944
1364 1088 3.2 2.44346
2234 1092 3.2 2.96706
2267 1092 3.2 0.349066
955 1095 3.2 -1.5708
1852 1103 3.2 1.0472
89 1104 3.2 2.61799
1952 1112 3.2 0.174533
1899 1116 3.2 0.349066
95 1119 3.2 1.0472
1212 1120 3.2 -2.44346
686 1121 3.2 -0.349066
2263 1126 3.2 -1.5708
806 1127 3.2 -1.74533
1467 1127 3.2 0.872665
878 1128 3.2 0
359 1136 3.2 -1.0472
1530 1137 3.2 -2.0944
1870 1138 3.2 -1.0472
1417 1142 3.2 -0.698132
1150 1150 3.2 0
52 1155 3.2 -0.698132
2050 1157 3.2 -2.26893
1404 1158 3.2 1.39626
471 1161 3.2 -2.61799
755 1169 3.2 -0.698132
2200 1175 3.2 -0.698132
2336 1180 3.2 2.96706
1734 1184 3.2 2.61799
1059 1185 3.2 -0.349066
168 1193 3.2 -2.61799
2067 1194 3.2 0
491 1195 3.2 0.349066
574 1196 3.2 -1.0472
34 1209 3.2 0
2325 1209 3.2 0.349066
1354 1213 3.2 -2.61799
1587 1213 3.2 -1.91986
1498 1215 3.2 0.872665
2173 1224 3.2 0.698132
869 1225 3.2 0.872665
1772 1225 3.2 -0.174533
776 1228 3.2 1.5708
1003 1229 3.2 -1.5708
1157 1230 3.2 2.79253
1737 1236 3.2 0.349066
316 1238 3.2 -1.5708
262 1241 3.2 1.22173
641 1246 3.2 -1.91986
441 1252 3.2 -2.26893
737 1254 3.2 -1.91986
1074 1256 3.2 -1.5708
1022 1259 3.2 2.61799
579 1260 3.2 0.349066
899 1265 3.2 0
546 1267 3.2 0.698132
1632 1270 3.2 2.61799
301 1271 3.2 0
716 1271 3.2 1.5708
2037 1271 3.2 -3.14159
1490 1276 3.2 -2.96706
147 1287 3.2 -0.174533
1045 1287 3.2 -2.79253
1474 1288 3.2 -0.698132
247 1289 3.2 1.0472
77 1292 3.2 2.61799
969 1300 3.2 -2.0944
187 1301 3.2 2.0944
456 1308 3.2 0.349066
1067 1311 3.2 1.74533
2209 1316 3.2 -2.79253
2052 1318 3.2 0.698132
2085 1318 3.2 1.91986
1185 1321 3.2 -2.0944
207 1325 3.2 -0.698132
1666 1334 3.2 -0.349066
1198 1340 3.2 -0.174533
645 1341 3.2 0.349066
654 1343 3.2 0.349066
2199 1344 3.2 -3.14159
1975 1350 3.2 -1.0472
2094 1355 3.2 -1.0472
1645 1362 3.2 0.698132
1908 1362 3.2 0.523599
817 1364 3.2 -1.5708
1708 1364 3.2 0.349066
44 1365 3.2 -0.174533
1707 1366 3.2 0.349066
1965 1372 3.2 1.39626
923 1376 3.2 2.26893
1931 1381 3.2 -3.14159
752 1382 3.2 0.174533
1771 1386 3.2 -2.26893
1460 1388 3.2 -1.5708
2254 1390 3.2 -2.61799
1363 1393 3.2 1.39626
2319 1396 3.2 -1.22173
1707 1401 3.2 1.0472
2316 1405 3.2 -1.22173
151 1421 3.2 2.26893
601 1427 3.2 -1.74533
1083 1428 3.2 2.96706
1907 1429 3.2 -1.22173
1241 1431 3.2 -2.79253
222 1432 3.2 -2.79253
1998 1432 3.2 -3.14159
881 1437 3.2 0.349066
2290 1442 3.2 1.5708
2165 1443 3.2 2.79253
187 1449 3.2 2.0944
2001 1449 3.2 0.174533
1333 1455 3.2 1.22173
2278 1457 3.2 -2.96706
1274 1460 3.2 2.96706
1374 1462 3.2 0.872665
418 1464 3.2 -1.74533
552 1474 3.2 2.44346
1657 1474 3.2 1.74533
1527 1483 3.2 -2.44346
138 1484 3.2 2.44346
1973 1486 3.2 -1.39626
1668 1488 3.2 1.22173
20 1493 3.2 -2.96706
556 1497 3.2 0.174533
132 1501 3.2 -1.22173
254 1502 3.2 -2.79253
437 1505 3.2 1.74533
981 1511 3.2 -1.74533
1513 1514 3.2 1.91986
551 1529 3.2 -2.79253
1131 1536 3.2 -1.0472
332 1545 3.2 1.91986
587 1550 3.2 2.0944
1467 1553 3.2 -3.14159
1484 1553 3.2 -3.14159
2215 1555 3.2 -2.0944
2175 1560 3.2 1.91986
397 1571 3.2 1.74533
1553 1571 3.2 -2.26893
442 1572 3.2 -0.523599
2274 1572 3.2 0
1286 1588 3.2 0.523599
1096 1596 3.2 -1.5708
870 1601 3.2 -3.14159
376 1603 3.2 -2.79253
62 1607 3.2 -0.349066
1000 1609 3.2 -2.96706
1158 1609 3.2 0.349066
2308 1613 3.2 0.872665
976 1614 3.2 -3.14159
1730 1615 3.2 0.698132
85 1617 3.2 1.22173
619 1620 3.2 2.61799
1904 1620 3.2 2.79253
58 1624 3.2 -2.61799
1365 1624 3.2 -2.0944
2033 1631 3.2 -0.872665
440 1634 3.2 0.872665
1198 1638 3.2 -3.14159
1985 1639 3.2 -2.79253
2333 1653 3.2 1.74533
631 1659 3.2 -0.523599
1596 1659 3.2 -2.0944
252 1666 3.2 -0.698132
1202 1670 3.2 -1.22173
1641 1672 3.2 -2.26893
722 1678 3.2 2.44346
2146 1678 3.2 1.91986
1726 1681 3.2 -1.91986
2127 1685 3.2 -1.5708
823 1690 3.2 -3.14159
1960 1691 3.2 -0.174533
2234 1700 3.2 2.79253
1851 1701 3.2 -1.0472
1778 1713 3.2 2.79253
2297 1717 3.2 -2.96706
352 1721 3.2 1.5708
605 1724 3.2 2.96706
1033 1727 3.2 -0.349066
1396 1727 3.2 1.39626
2273 1730 3.2 2.96706
988 1736 3.2 -2.44346
503 1737 3.2 1.22173
761 1738 3.2 0.872665
1034 1740 3.2 0.523599
1265 1740 3.2 2.79253
1720 1740 3.2 -2.44346
261 1744 3.2 1.39626
1726 1748 3.2 0.349066
1580 1752 3.2 -2.79253
120 1753 3.2 2.61799
2106 1758 3.2 -1.91986
194 18 2.53984 0.698132
1942 18 2.53984 0
1960 20 2.53984 0
424 22 2.53984 -2.96706
854 22 2.53984 1.39626
28 26 2.53984 -0.174533
1462 26 2.53984 -2.79253
606 28 2.53984 -2.96706
1170 34 2.53984 -0.523599
254 36 2.53984 1.5708
2230 44 2.53984 -1.5708
2210 46 2.53984 2.96706
1162 62 2.53984 -0.872665
1904 68 2.53984 0.349066
1354 70 2.53984 -0.174533
20 72 2.53984 1.74533
1700 76 2.53984 -2.26893
1192 86 2.53984 2.79253
150 88 2.53984 -2.44346
1616 90 2.53984 2.96706
388 98 2.53984 0.174533
1044 98 2.53984 1.74533
1514 100 2.53984 -1.0472
656 106 2.53984 1.39626
202 114 2.53984 1.39626
1824 114 2.53984 -3.14159
794 116 2.53984 -1.22173
2190 116 2.53984 1.5708
1216 120 2.53984 -3.14159
832 122 2.53984 -0.523599
326 128 2.53984 -3.14159
1400 132 2.53984 -0.349066
1152 136 2.53984 1.0472
1906 136 2.53984 -0.174533
2022 136 2.53984 2.79253
930 138 2.53984 0
2254 140 2.53984 -2.79253
946 142 2.53984 0
1832 142 2.53984 0.349066
2074 150 2.53984 -1.91986
1180 152 2.53984 2.0944
2148 154 2.53984 -2.96706
634 158 2.53984 -0.872665
944 158 2.53984 -1.0472
842 162 2.53984 0.523599
1396 168 2.53984 0.174533
1570 170 2.53984 -1.74533
670 174 2.53984 -1.39626
2094 176 2.53984 2.0944
56 182 2.53984 -2.44346
1886 182 2.53984 -1.74533
1998 186 2.53984 0.698132
126 192 2.53984 -2.44346
1404 194 2.53984 -2.26893
764 196 2.53984 0
1824 200 2.53984 -2.96706
1612 206 2.53984 -0.523599
830 212 2.53984 0.174533
1166 214 2.53984 -1.91986
1902 214 2.53984 -1.74533
574 218 2.53984 1.74533
1510 218 2.53984 0.872665
292 220 2.53984 0
314 222 2.53984 0
1932 226 2.53984 -2.26893
2234 230 2.53984 2.79253
1314 234 2.53984 -0.872665
2182 240 2.53984 0.174533
2210 240 2.53984 -3.14159
58 242 2.53984 -0.174533
1058 242 2.53984 0.349066
1634 242 2.53984 0.174533
284 244 2.53984 1.74533
2268 250 2.53984 2.0944
654 252 2.53984 -0.174533
2032 252 2.53984 -2.0944
1184 254 2.53984 0
156 256 2.53984 -2.96706
1952 256 2.53984 -2.61799
280 262 2.53984 1.74533
2038 266 2.53984 -2.0944
2254 266 2.53984 2.0944
1738 272 2.53984 1.91986
2016 272 2.53984 -3.14159
1340 274 2.53984 -1.0472
204 276 2.53984 1.0472
2118 276 2.53984 -0.174533
602 286 2.53984 -0.698132
290 288 2.53984 0
1470 288 2.53984 0.872665
274 292 2.53984 0
1244 292 2.53984 0.523599
450 304 2.53984 -0.174533
430 308 2.53984 -0.174533
978 316 2.53984 -0.523599
338 332 2.53984 -2.44346
1690 332 2.53984 -2.26893
2196 332 2.53984 -2.44346
630 334 2.53984 0
922 334 2.53984 -1.22173
852 336 2.53984 -3.14159
58 340 2.53984 2.61799
494 340 2.53984 2.26893
1262 356 2.53984 2.44346
1488 356 2.53984 2.96706
1646 356 2.53984 0.698132
2312 356 2.53984 0.698132
1296 360 2.53984 0
716 362 2.53984 -0.698132
892 362 2.53984 -3.14159
784 366 2.53984 -3.14159
262 368 2.53984 1.5708
16 370 2.53984 1.91986
398 376 2.53984 -1.0472
1344 376 2.53984 -0.523599
1996 378 2.53984 -0.698132
64 382 2.53984 0
1984 388 2.53984 -0.698132
546 392 2.53984 2.79253
924 400 2.53984 -0.174533
1550 400 2.53984 2.96706
2064 400 2.53984 2.26893
42 402 2.53984 -1.91986
940 404 2.53984 -2.79253
1984 406 2.53984 1.39626
1766 408 2.53984 -1.5708
1190 414 2.53984 1.74533
1628 420 2.53984 2.44346
2046 420 2.53984 -1.74533
2198 420 2.53984 -2.26893
108 422 2.53984 -1.91986
2282 422 2.53984 -2.0944
1164 424 2.53984 0.698132
438 426 2.53984 1.74533
1418 430 2.53984 0.174533
2006 432 2.53984 2.44346
752 434 2.53984 -2.96706
2028 440 2.53984 -3.14159
1358 446 2.53984 2.96706
126 448 2.53984 0
234 452 2.53984 -0.349066
2070 456 2.53984 1.5708
1894 460 2.53984 0.872665
1152 464 2.53984 -2.0944
1384 466 2.53984 2.96706
2308 468 2.53984 -0.174533
1098 470 2.53984 2.79253
2236 476 2.53984 -3.14159
1774 480 2.53984 -0.698132
1834 480 2.53984 2.44346
756 482 2.53984 1.91986
1912 482 2.53984 -0.349066
236 484 2.53984 -1.39626
1636 484 2.53984 2.26893
1134 488 2.53984 -1.39626
1958 490 2.53984 2.44346
1996 490 2.53984 -2.96706
126 492 2.53984 1.5708
468 492 2.53984 1.5708
1866 494 2.53984 -1.74533
1418 496 2.53984 -0.349066
916 498 2.53984 2.26893
1224 510 2.53984 -2.79253
2162 510 2.53984 -2.0944
778 512 2.53984 0.698132
86 522 2.53984 -1.74533
1548 530 2.53984 -1.0472
226 534 2.53984 -0.174533
1398 534 2.53984 -2.0944
212 536 2.53984 -0.174533
1910 536 2.53984 -0.349066
806 538 2.53984 -0.698132
1790 538 2.53984 -1.5708
1750 542 2.53984 -2.61799
328 548 2.53984 2.0944
942 550 2.53984 2.79253
200 558 2.53984 2.26893
1750 564 2.53984 -2.96706
2220 566 2.53984 0.349066
512 568 2.53984 1.22173
774 568 2.53984 -0.523599
1334 568 2.53984 2.44346
2062 572 2.53984 0
2154 578 2.53984 1.22173
1456 588 2.53984 -3.14159
1590 588 2.53984 -3.14159
154 592 2.53984 -2.26893
1292 594 2.53984 1.91986
1974 604 2.53984 2.96706
1082 612 2.53984 -1.0472
2160 612 2.53984 -0.872665
468 618 2.53984 -1.74533
2012 620 2.53984 2.61799
2130 620 2.53984 -1.22173
780 624 2.53984 2.79253
2218 624 2.53984 1.39626
1250 628 2.53984 -1.5708
1516 628 2.53984 0.872665
760 632 2.53984 -1.0472
1760 634 2.53984 2.0944
2092 638 2.53984 -1.5708
530 640 2.53984 1.5708
1130 642 2.53984 2.79253
112 646 2.53984 1.0472
970 646 2.53984 -0.698132
1248 646 2.53984 -1.74533
750 648 2.53984 -1.0472
840 652 2.53984 -3.14159
1842 654 2.53984 -1.22173
872 664 2.53984 -1.5708
1948 666 2.53984 0
2232 666 2.53984 2.26893
2082 672 2.53984 -2.0944
2282 684 2.53984 -2.26893
1026 686 2.53984 2.0944
2120 688 2.53984 2.26893
380 690 2.53984 1.22173
2086 690 2.53984 -2.0944
936 694 2.53984 1.91986
1652 696 2.53984 0
2040 698 2.53984 2.96706
1146 702 2.53984 -1.22173
1604 702 2.53984 -1.5708
980 706 2.53984 -1.74533
1940 718 2.53984 -2.61799
2212 720 2.53984 -0.349066
2116 724 2.53984 -1.74533
1492 726 2.53984 1.74533
1954 726 2.53984 -2.61799
2168 728 2.53984 -3.14159
2290 730 2.53984 1.91986
1708 744 2.53984 -0.174533
2092 744 2.53984 -0.698132
294 746 2.53984 -1.0472
462 748 2.53984 0
1682 750 2.53984 1.5708
488 752 2.53984 0.174533
1172 758 2.53984 -0.349066
2000 758 2.53984 2.61799
904 760 2.53984 2.44346
852 762 2.53984 -0.523599
674 766 2.53984 0.872665
238 774 2.53984 2.61799
1510 774 2.53984 1.5708
920 778 2.53984 2.61799
878 780 2.53984 1.39626
276 784 2.53984 -2.79253
1762 786 2.53984 -2.26893
448 790 2.53984 -1.74533
1928 790 2.53984 -0.174533
1090 796 2.53984 2.79253
602 804 2.53984 -2.44346
1640 810 2.53984 1.91986
1798 812 2.53984 -0.872665
90 818 2.53984 1.22173
1090 826 2.53984 -2.26893
1254 826 2.53984 -1.91986
1606 826 2.53984 1.39626
528 834 2.53984 -1.74533
796 834 2.53984 -1.91986
1784 834 2.53984 2.26893
410 836 2.53984 -0.174533
2084 836 2.53984 -1.22173
100 838 2.53984 1.22173
368 838 2.53984 -0.698132
1750 842 2.53984 -2.61799
1774 848 2.53984 2.26893
1248 856 2.53984 2.44346
1396 858 2.53984 -3.14159
456 864 2.53984 0.174533
1982 864 2.53984 -1.74533
1186 866 2.53984 0.523599
1564 868 2.53984 1.5708
1922 868 2.53984 -2.26893
1116 870 2.53984 2.96706
818 872 2.53984 -1.5708
1202 872 2.53984 -1.39626
1136 874 2.53984 2.96706
102 876 2.53984 1.22173
70 878 2.53984 -0.174533
1756 880 2.53984 -2.0944
276 892 2.53984 2.61799
1480 892 2.53984 -3.14159
718 896 2.53984 -1.39626
834 896 2.53984 1.74533
82 898 2.53984 1.0472
260 898 2.53984 2.61799
26 910 2.53984 -2.79253
852 910 2.53984 0.872665
1222 914 2.53984 -3.14159
52 916 2.53984 -2.61799
1040 916 2.53984 2.44346
686 918 2.53984 2.26893
2206 920 2.53984 -0.872665
1744 922 2.53984 -2.79253
1286 926 2.53984 -1.74533
1424 926 2.53984 -1.0472
2026 926 2.53984 2.44346
742 936 2.53984 -3.14159
1272 938 2.53984 2.79253
1386 938 2.53984 1.91986
220 948 2.53984 1.91986
178 962 2.53984 1.22173
1348 962 2.53984 -2.44346
1850 962 2.53984 1.5708
1992 962 2.53984 -1.39626
132 964 2.53984 0.174533
212 964 2.53984 1.91986
626 976 2.53984 -3.14159
2152 976 2.53984 0.698132
42 980 2.53984 -1.5708
1160 982 2.53984 -1.74533
1452 984 2.53984 0.349066
138 986 2.53984 -1.91986
366 986 2.53984 0.174533
1402 996 2.53984 1.74533
1620 996 2.53984 -0.174533
570 998 2.53984 1.0472
1642 998 2.53984 -0.174533
886 1000 2.53984 1.5708
1004 1000 2.53984 2.0944
946 1002 2.53984 -1.0472
252 1004 2.53984 0.698132
464 1004 2.53984 -2.61799
1258 1012 2.53984 0.523599
484 1014 2.53984 0
350 1020 2.53984 -0.174533
1194 1020 2.53984 -0.523599
2182 1022 2.53984 -2.26893
212 1026 2.53984 -2.96706
2314 1026 2.53984 -0.698132
1326 1044 2.53984 -0.174533
1796 1048 2.53984 -2.96706
1676 1050 2.53984 2.26893
522 1052 2.53984 -0.523599
1764 1058 2.53984 -1.5708
34 1062 2.53984 -2.96706
802 1070 2.53984 1.39626
1050 1070 2.53984 -0.349066
1134 1070 2.53984 0
1360 1070 2.53984 0
160 1072 2.53984 1.22173
1664 1072 2.53984 2.0944
400 1076 2.53984 -0.698132
242 1078 2.53984 -1.5708
364 1082 2.53984 0.349066
2072 1082 2.53984 2.79253
648 1086 2.53984 2.44346
672 1088 2.53984 0
166 1092 2.53984 1.22173
1052 1092 2.53984 2.79253
2234 1092 2.53984 2.96706
634 1094 2.53984 2.44346
90 1104 2.53984 2.79253
1850 1104 2.53984 -1.91986
1228 1110 2.53984 0.698132
1156 1112 2.53984 -0.523599
1632 1120 2.53984 -0.872665
234 1124 2.53984 -1.39626
878 1128 2.53984 0
1106 1130 2.53984 1.5708
268 1132 2.53984 1.91986
1320 1134 2.53984 -2.96706
358 1136 2.53984 1.5708
1530 1138 2.53984 -2.61799
1416 1142 2.53984 -0.872665
904 1156 2.53984 -1.91986
1404 1156 2.53984 -0.872665
1584 1162 2.53984 0
624 1164 2.53984 -1.74533
1320 1166 2.53984 -1.0472
214 1168 2.53984 1.5708
1094 1168 2.53984 -1.39626
718 1172 2.53984 1.39626
584 1186 2.53984 -2.26893
1626 1188 2.53984 -1.39626
926 1190 2.53984 0
168 1194 2.53984 0
600 1200 2.53984 -2.26893
34 1206 2.53984 -0.174533
428 1206 2.53984 1.5708
672 1206 2.53984 2.0944
1238 1208 2.53984 -1.74533
904 1212 2.53984 -0.349066
352 1218 2.53984 -0.698132
1670 1218 2.53984 2.26893
2292 1218 2.53984 1.39626
776 1228 2.53984 -2.44346
964 1230 2.53984 0.872665
162 1232 2.53984 -0.523599
1238 1232 2.53984 1.5708
316 1238 2.53984 -1.74533
640 1246 2.53984 -1.91986
682 1246 2.53984 -2.96706
440 1252 2.53984 -2.44346
1074 1256 2.53984 -1.39626
1130 1256 2.53984 2.0944
580 1260 2.53984 0.523599
1024 1260 2.53984 2.61799
546 1268 2.53984 -1.91986
2170 1268 2.53984 1.74533
2094 1278 2.53984 -1.22173
830 1282 2.53984 0
928 1282 2.53984 0.174533
846 1284 2.53984 0
248 1288 2.53984 -1.91986
1652 1298 2.53984 2.26893
186 1300 2.53984 -1.91986
1952 1304 2.53984 -0.349066
566 1308 2.53984 1.22173
792 1308 2.53984 0.174533
2210 1316 2.53984 0.872665
1184 1320 2.53984 -2.0944
572 1322 2.53984 1.22173
1728 1324 2.53984 -1.0472
108 1326 2.53984 2.26893
208 1326 2.53984 0
338 1326 2.53984 2.44346
2150 1326 2.53984 1.91986
738 1328 2.53984 1.5708
1626 1330 2.53984 1.74533
392 1332 2.53984 0.349066
1666 1334 2.53984 1.74533
2102 1334 2.53984 1.22173
2200 1344 2.53984 -0.523599
144 1348 2.53984 0.174533
1976 1350 2.53984 -1.22173
448 1356 2.53984 -2.61799
724 1360 2.53984 -1.74533
954 1364 2.53984 -1.22173
44 1366 2.53984 0
2052 1366 2.53984 0
1966 1372 2.53984 -1.22173
924 1376 2.53984 -2.96706
850 1378 2.53984 -0.698132
2198 1378 2.53984 -0.698132
1726 1380 2.53984 0.349066
1930 1380 2.53984 -1.91986
1772 1386 2.53984 -2.0944
1460 1388 2.53984 0
1488 1392 2.53984 2.0944
1236 1396 2.53984 -1.74533
424 1398 2.53984 -1.74533
798 1400 2.53984 -2.79253
998 1404 2.53984 -0.698132
1834 1404 2.53984 -1.91986
562 1406 2.53984 -3.14159
1044 1410 2.53984 0.174533
1266 1410 2.53984 -2.0944
912 1412 2.53984 0.872665
2184 1412 2.53984 -1.91986
486 1416 2.53984 -0.523599
848 1420 2.53984 -1.74533
152 1422 2.53984 1.91986
602 1426 2.53984 -1.74533
48 1428 2.53984 1.5708
1084 1428 2.53984 0.872665
1906 1430 2.53984 -1.0472
728 1438 2.53984 -1.5708
2062 1454 2.53984 0.174533
656 1456 2.53984 2.44346
1804 1460 2.53984 0
1374 1462 2.53984 1.0472
1766 1462 2.53984 0.698132
858 1464 2.53984 0.523599
1042 1464 2.53984 1.22173
1890 1476 2.53984 -1.0472
1256 1482 2.53984 0.523599
1528 1482 2.53984 -0.872665
78 1484 2.53984 1.74533
138 1484 2.53984 2.0944
754 1488 2.53984 -0.523599
914 1490 2.53984 -3.14159
1444 1492 2.53984 -3.14159
1276 1500 2.53984 -0.174533
132 1502 2.53984 -1.22173
846 1502 2.53984 -3.14159
1304 1508 2.53984 -1.5708
982 1510 2.53984 2.61799
1514 1514 2.53984 -2.0944
950 1516 2.53984 1.5708
758 1522 2.53984 2.44346
890 1526 2.53984 -0.872665
1940 1528 2.53984 0
1922 1530 2.53984 1.39626
508 1536 2.53984 0
2008 1540 2.53984 1.0472
332 1544 2.53984 2.0944
1922 1544 2.53984 1.39626
1438 1548 2.53984 -2.96706
1484 1554 2.53984 2.96706
2094 1554 2.53984 1.5708
712 1556 2.53984 0
400 1558 2.53984 1.74533
1942 1562 2.53984 -2.79253
1306 1564 2.53984 -1.5708
272 1566 2.53984 -2.44346
524 1570 2.53984 1.5708
1554 1570 2.53984 -2.96706
1222 1572 2.53984 2.79253
1808 1574 2.53984 0.698132
82 1576 2.53984 -1.91986
2156 1584 2.53984 1.5708
674 1586 2.53984 -1.74533
2250 1586 2.53984 -2.96706
2292 1586 2.53984 0
960 1592 2.53984 2.79253
378 1600 2.53984 -2.79253
1542 1600 2.53984 2.44346
62 1608 2.53984 -2.96706
718 1610 2.53984 -1.39626
1158 1610 2.53984 0.523599
1482 1614 2.53984 1.5708
1904 1620 2.53984 2.61799
18 1624 2.53984 2.26893
674 1624 2.53984 2.79253
1444 1626 2.53984 0.174533
338 1632 2.53984 1.5708
1948 1636 2.53984 1.39626
1656 1638 2.53984 -2.0944
1984 1640 2.53984 -2.79253
376 1644 2.53984 -2.96706
2152 1646 2.53984 1.22173
44 1650 2.53984 -2.79253
1472 1650 2.53984 2.96706
966 1652 2.53984 1.39626
1596 1658 2.53984 -0.174533
630 1660 2.53984 -0.523599
130 1662 2.53984 -0.523599
106 1670 2.53984 -0.523599
1202 1670 2.53984 -1.74533
1642 1672 2.53984 -2.26893
1890 1672 2.53984 2.79253
384 1682 2.53984 0.349066
1246 1682 2.53984 -3.14159
2210 1686 2.53984 1.39626
1404 1692 2.53984 -1.0472
1572 1692 2.53984 -2.26893
894 1700 2.53984 -3.14159
1744 1700 2.53984 0.872665
2234 1700 2.53984 2.96706
870 1702 2.53984 -3.14159
1554 1702 2.53984 1.22173
1170 1704 2.53984 -2.96706
1678 1704 2.53984 -1.5708
1778 1712 2.53984 2.61799
1232 1718 2.53984 -3.14159
1398 1726 2.53984 1.22173
1034 1728 2.53984 0
114 1730 2.53984 2.96706
1018 1730 2.53984 -0.174533
1086 1732 2.53984 1.5708
2274 1732 2.53984 -0.698132
1602 1740 2.53984 -1.74533
442 1744 2.53984 -0.698132
1144 1744 2.53984 -1.39626
342 1750 2.53984 -0.523599
386 34 3.2 0.698132
502 42 3.2 -2.96706
2006 42 3.2 2.44346
1238 52 3.2 1.0472
706 66 3.2 2.44346
1512 138 3.2 2.44346
2270 148 3.2 -2.79253
1952 150 3.2 -0.523599
774 166 3.2 -1.22173
1840 170 3.2 -1.0472
2024 192 3.2 1.5708
2192 194 3.2 -2.44346
1212 206 3.2 -2.79253
928 218 3.2 -2.26893
262 222 3.2 -1.5708
538 234 3.2 0.872665
1860 248 3.2 2.26893
1960 280 3.2 -1.91986
2274 280 3.2 1.74533
1078 288 3.2 2.26893
1444 296 3.2 -1.39626
590 354 3.2 -1.39626
1666 374 3.2 0.698132
80 382 3.2 0
1564 400 3.2 2.96706
676 428 3.2 1.5708
2046 436 3.2 -1.74533
790 446 3.2 1.0472
1256 464 3.2 1.0472
1790 468 3.2 -0.698132
2204 478 3.2 -1.74533
2260 502 3.2 2.0944
1690 510 3.2 -1.39626
2324 516 3.2 2.44346
1998 542 3.2 0.349066
656 548 3.2 1.91986
1692 548 3.2 -0.872665
2308 558 3.2 0.523599
2148 562 3.2 1.22173
1788 588 3.2 0.523599
698 596 3.2 -1.39626
1674 614 3.2 -2.61799
1400 632 3.2 1.91986
1148 634 3.2 2.96706
1530 646 3.2 0.872665
1312 684 3.2 0.872665
94 716 3.2 2.96706
2038 732 3.2 0.523599
200 796 3.2 2.79253
1598 804 3.2 2.44346
1074 806 3.2 2.61799
1578 816 3.2 2.44346
1262 842 3.2 -1.91986
2190 856 3.2 -0.349066
1950 894 3.2 -1.5708
480 900 3.2 -1.0472
388 916 3.2 -2.79253
1394 920 3.2 1.91986
408 926 3.2 0.523599
104 928 3.2 2.0944
426 940 3.2 2.79253
662 940 3.2 -2.26893
798 944 3.2 0.523599
1294 944 3.2 -0.174533
958 946 3.2 2.44346
1680 972 3.2 -2.96706
346 982 3.2 0.174533
2166 994 3.2 0.872665
2072 1006 3.2 -0.349066
674 1012 3.2 0.523599
730 1022 3.2 1.39626
446 1030 3.2 2.61799
1956 1058 3.2 0.698132
1066 1060 3.2 -0.349066
2118 1064 3.2 -1.39626
1160 1086 3.2 -2.79253
762 1088 3.2 2.26893
2254 1088 3.2 0
582 1090 3.2 -0.698132
924 1096 3.2 -2.0944
1214 1096 3.2 0.698132
284 1098 3.2 -0.698132
1706 1108 3.2 0
1244 1128 3.2 0.698132
624 1144 3.2 -1.74533
1280 1154 3.2 -3.14159
1736 1154 3.2 0.174533
2214 1164 3.2 -0.698132
910 1172 3.2 -1.91986
832 1190 3.2 -1.91986
1236 1192 3.2 -1.74533
2180 1220 3.2 -1.91986
1072 1230 3.2 2.44346
1590 1230 3.2 -1.91986
220 1232 3.2 2.79253
1742 1264 3.2 -2.0944
1938 1268 3.2 -1.39626
148 1274 3.2 0
650 1274 3.2 -1.74533
324 1336 3.2 2.44346
94 1342 3.2 2.26893
1698 1348 3.2 -0.349066
126 1350 3.2 0.174533
1700 1374 3.2 0.349066
1912 1386 3.2 -1.91986
694 1392 3.2 2.26893
1194 1432 3.2 0.698132
180 1462 3.2 2.26893
948 1464 3.2 1.22173
196 1492 3.2 -2.44346
318 1494 3.2 0.523599
708 1508 3.2 -3.14159
124 1518 3.2 2.44346
1086 1526 3.2 -3.14159
108 1528 3.2 2.44346
432 1542 3.2 -1.39626
1470 1574 3.2 2.44346
1624 1584 3.2 2.0944
1370 1590 3.2 2.44346
280 1640 3.2 1.5708
714 1640 3.2 -1.39626
1626 1650 3.2 0
1292 1656 3.2 -0.698132
1140 1668 3.2 1.39626
1704 1686 3.2 -1.22173
2058 1698 3.2 -1.74533
1986 1704 3.2 -1.91986
1598 1724 3.2 -1.74533
32 1730 3.2 -1.0472
642 1740 3.2 1.5708
1516 1744 3.2 -2.0944
1672 40 2.53984 -1.39626
1856 44 2.53984 0
356 64 2.53984 -2.79253
1256 80 2.53984 1.0472
492 84 2.53984 2.79253
200 88 2.53984 1.22173
1584 104 2.53984 2.96706
716 108 2.53984 0
1856 108 2.53984 -2.96706
1272 136 2.53984 -1.74533
248 164 2.53984 0.872665
40 172 2.53984 -2.44346
440 224 2.53984 -2.96706
552 252 2.53984 -1.91986
1780 256 2.53984 -1.5708
620 276 2.53984 -0.349066
1384 280 2.53984 -0.523599
1436 324 2.53984 -2.79253
1028 348 2.53984 -1.0472
1076 356 2.53984 -1.74533
2108 372 2.53984 -1.74533
2016 384 2.53984 1.22173
1124 392 2.53984 -1.22173
1476 392 2.53984 0.523599
900 404 2.53984 1.74533
60 432 2.53984 -2.0944
860 440 2.53984 -3.14159
1384 444 2.53984 2.96706
1932 448 2.53984 0.872665
2296 452 2.53984 2.0944
940 460 2.53984 2.0944
1712 468 2.53984 1.22173
596 488 2.53984 -1.39626
1620 508 2.53984 2.26893
2276 508 2.53984 -1.22173
340 520 2.53984 0.523599
960 540 2.53984 2.79253
1480 544 2.53984 2.79253
744 548 2.53984 2.79253
1692 548 2.53984 -1.0472
1400 632 2.53984 1.5708
2176 652 2.53984 -0.523599
948 664 2.53984 -3.14159
308 680 2.53984 -1.74533
1656 680 2.53984 -2.44346
316 712 2.53984 -1.74533
640 760 2.53984 0.349066
940 768 2.53984 2.61799
2280 768 2.53984 0.523599
824 772 2.53984 2.0944
1244 780 2.53984 1.39626
1036 788 2.53984 -3.14159
808 796 2.53984 2.0944
1936 800 2.53984 0
696 812 2.53984 -2.61799
860 828 2.53984 1.74533
2168 828 2.53984 -0.872665
2104 868 2.53984 2.61799
2000 892 2.53984 -1.91986
1612 900 2.53984 0.523599
1436 904 2.53984 -0.523599
1644 912 2.53984 0.523599
1392 916 2.53984 -0.523599
1324 936 2.53984 -0.174533
1952 936 2.53984 1.91986
428 944 2.53984 -0.349066
1252 944 2.53984 2.96706
256 948 2.53984 2.61799
692 964 2.53984 -2.26893
1472 988 2.53984 0.349066
2044 1008 2.53984 -0.523599
976 1020 2.53984 2.79253
1520 1020 2.53984 -3.14159
424 1056 2.53984 -0.698132
1704 1108 2.53984 -3.14159
1260 1152 2.53984 -3.14159
56 1168 2.53984 -0.174533
1540 1188 2.53984 1.22173
1944 1196 2.53984 -1.39626
948 1216 2.53984 0.872665
1264 1244 2.53984 1.39626
1040 1248 2.53984 2.61799
176 1280 2.53984 0
1176 1292 2.53984 -1.74533
2088 1304 2.53984 -1.22173
1412 1324 2.53984 0.698132
500 1344 2.53984 2.0944
1280 1432 2.53984 -1.91986
2188 1432 2.53984 -1.74533
764 1436 2.53984 -1.91986
328 1464 2.53984 -1.0472
396 1528 2.53984 -2.44346
1620 1540 2.53984 2.0944
2072 1560 2.53984 1.5708
1400 1572 2.53984 2.61799
1468 1572 2.53984 0.523599
1832 1600 2.53984 2.61799
2048 1616 2.53984 -1.0472
1068 1636 2.53984 2.0944
2052 1668 2.53984 0
2012 1672 2.53984 0
1936 1696 2.53984 1.74533
1596 1720 2.53984 -1.5708
1896 80 3.2 -2.44346
1984 140 3.2 -0.349066
2028 164 3.2 1.5708
624 196 3.2 0.698132
2332 220 3.2 -1.0472
128 228 3.2 -1.74533
1360 244 3.2 -0.698132
196 256 3.2 1.22173
572 284 3.2 -2.0944
1056 312 3.2 -1.0472
1904 360 3.2 -0.698132
672 364 3.2 2.96706
1516 412 3.2 0.523599
1636 436 3.2 -0.174533
1188 452 3.2 1.0472
2064 484 3.2 1.39626
548 504 3.2 -2.26893
188 516 3.2 2.44346
580 552 3.2 -1.5708
704 564 3.2 -1.39626
1408 572 3.2 1.5708
1532 584 3.2 1.39626
1868 604 3.2 -0.349066
320 616 3.2 -0.523599
2044 616 3.2 1.74533
904 656 3.2 -3.14159
1336 656 3.2 1.22173
472 664 3.2 -1.5708
164 692 3.2 1.5708
2036 788 3.2 -1.74533
1504 820 3.2 -0.698132
1172 828 3.2 0.349066
1204 844 3.2 0.349066
2144 852 3.2 -0.698132
492 872 3.2 -1.0472
156 924 3.2 1.0472
1748 960 3.2 2.26893
1996 984 3.2 -1.39626
420 1012 3.2 -2.79253
1388 1020 3.2 1.91986
1240 1028 3.2 -2.96706
1588 1076 3.2 -3.14159
2280 1084 3.2 0
804 1104 3.2 -0.872665
1016 1108 3.2 2.61799
112 1184 3.2 2.26893
808 1256 3.2 0.872665
1672 1280 3.2 2.26893
1704 1356 3.2 0.174533
1752 1360 3.2 0.174533
276 1420 3.2 0.523599
1116 1448 3.2 -1.74533
1388 1488 3.2 1.22173
1492 1508 3.2 0.349066
52 1532 3.2 -0.872665
1116 1532 3.2 -3.14159
1004 1544 3.2 -2.26893
260 1548 3.2 -2.26893
1604 1608 3.2 2.26893
1316 1640 3.2 -0.872665
284 1668 3.2 1.39626
1332 1684 3.2 -1.91986
196 1704 3.2 0.698132
44 1708 3.2 -1.0472
232 1736 3.2 0.698132
1720 512 2.53984 1.39626
1168 1208 2.53984 1.5708
2112 1408 2.53984 1.74533
KEYPOINTS_B 1859
1263 19 2.53984 -0.174533
168 23 2.53984 0
1289 24 2.53984 2.61799
1717 26 2.53984 1.91986
1130 29 2.53984 0.349066
1579 30 2.53984 -1.5708
512 37 2.53984 -2.79253
967 39 2.53984 -1.39626
799 40 2.53984 0.698132
1230 45 2.53984 -2.0944
858 47 2.53984 -2.44346
1341 53 2.53984 2.96706
397 60 2.53984 -1.5708
266 61 2.53984 -0.349066
1363 69 2.53984 -0.174533
815 74 2.53984 1.91986
940 81 2.53984 -0.872665
205 87 2.53984 0.698132
1023 90 2.53984 2.26893
1865 96 2.53984 -1.74533
917 97 2.53984 -1.91986
2210 98 2.53984 -0.523599
765 102 2.53984 0
98 111 2.53984 2.96706
286 115 2.53984 0
39 123 2.53984 -0.872665
372 126 2.53984 -2.0944
527 128 2.53984 -0.872665
1954 138 2.53984 -1.5708
2075 138 2.53984 2.0944
783 141 2.53984 1.5708
890 141 2.53984 1.5708
481 145 2.53984 -2.96706
1168 145 2.53984 2.79253
1266 146 2.53984 1.0472
2059 149 2.53984 1.39626
370 153 2.53984 -0.174533
2305 154 2.53984 -2.79253
460 162 2.53984 1.74533
886 163 2.53984 -1.74533
1977 165 2.53984 -1.0472
1165 166 2.53984 1.22173
1920 167 2.53984 -0.523599
1578 169 2.53984 -3.14159
1159 178 2.53984 -3.14159
837 186 2.53984 0
770 188 2.53984 0
1028 189 2.53984 2.79253
1708 189 2.53984 1.39626
1631 197 2.53984 -1.39626
901 201 2.53984 -1.74533
2038 206 2.53984 0.349066
1710 209 2.53984 -2.44346
1702 215 2.53984 -2.26893
2068 219 2.53984 1.5708
952 220 2.53984 2.44346
668 222 2.53984 -0.523599
318 233 2.53984 0
608 236 2.53984 -1.74533
2022 238 2.53984 2.96706
1985 242 2.53984 -2.44346
384 243 2.53984 -2.26893
1511 248 2.53984 2.96706
1687 254 2.53984 0.174533
2257 260 2.53984 0.698132
2033 268 2.53984 1.5708
1937 273 2.53984 -2.44346
2138 275 2.53984 -0.698132
2195 278 2.53984 2.96706
313 282 2.53984 2.61799
1190 283 2.53984 -2.26893
1312 284 2.53984 1.22173
1517 285 2.53984 2.61799
266 288 2.53984 0.349066
806 296 2.53984 0.872665
1192 299 2.53984 -0.174533
379 302 2.53984 -2.96706
1784 307 2.53984 -2.79253
99 308 2.53984 1.39626
289 310 2.53984 -1.39626
948 317 2.53984 1.39626
367 318 2.53984 1.74533
418 329 2.53984 -1.5708
1902 332 2.53984 -2.61799
663 333 2.53984 1.39626
2316 336 2.53984 -0.174533
190 339 2.53984 0.174533
147 347 2.53984 -0.872665
1096 347 2.53984 -2.0944
325 355 2.53984 -0.349066
1866 355 2.53984 -1.39626
1255 356 2.53984 -2.0944
1203 360 2.53984 2.26893
2217 364 2.53984 -2.61799
418 366 2.53984 -0.523599
212 373 2.53984 1.74533
2307 375 2.53984 -1.74533
560 377 2.53984 -1.22173
1192 377 2.53984 0.872665
1889 398 2.53984 -2.26893
605 400 2.53984 0
618 400 2.53984 2.0944
566 402 2.53984 1.91986
112 403 2.53984 -1.74533
756 410 2.53984 -2.96706
523 421 2.53984 0.174533
1404 425 2.53984 -1.5708
1435 428 2.53984 -2.26893
318 431 2.53984 -1.39626
690 431 2.53984 2.79253
768 434 2.53984 0.698132
2146 437 2.53984 2.96706
482 438 2.53984 2.26893
1846 438 2.53984 -3.14159
781 441 2.53984 1.39626
946 449 2.53984 -0.523599
215 452 2.53984 -0.174533
864 452 2.53984 1.22173
2197 452 2.53984 -0.872665
1824 461 2.53984 1.39626
1912 462 2.53984 -2.79253
937 468 2.53984 0.872665
460 475 2.53984 1.39626
1668 476 2.53984 2.79253
1106 493 2.53984 0.872665
1148 497 2.53984 1.39626
1346 499 2.53984 -2.79253
2318 499 2.53984 1.22173
1528 500 2.53984 2.61799
390 504 2.53984 2.96706
373 507 2.53984 0.523599
744 508 2.53984 2.26893
154 521 2.53984 0.174533
866 537 2.53984 -1.39626
2288 537 2.53984 1.5708
891 541 2.53984 0
172 550 2.53984 -2.96706
467 552 2.53984 0.872665
491 553 2.53984 -0.698132
685 564 2.53984 0
1683 567 2.53984 -2.79253
1182 570 2.53984 2.61799
2081 574 2.53984 -1.91986
555 577 2.53984 -3.14159
2277 577 2.53984 1.5708
231 578 2.53984 1.5708
940 579 2.53984 -1.39626
514 580 2.53984 1.39626
538 591 2.53984 0
1321 592 2.53984 2.61799
1441 592 2.53984 -1.39626
1484 592 2.53984 -1.91986
695 596 2.53984 1.22173
2157 602 2.53984 0
1280 606 2.53984 1.39626
427 610 2.53984 -3.14159
1676 615 2.53984 -3.14159
2229 618 2.53984 -1.74533
677 619 2.53984 1.5708
1115 620 2.53984 2.26893
96 621 2.53984 1.39626
776 621 2.53984 2.0944
855 621 2.53984 0.349066
131 622 2.53984 2.61799
283 625 2.53984 0.349066
2074 626 2.53984 -2.61799
2006 627 2.53984 0.523599
82 632 2.53984 -0.174533
1584 633 2.53984 2.61799
1795 633 2.53984 -2.26893
934 646 2.53984 -2.44346
1366 648 2.53984 -1.22173
497 653 2.53984 0.174533
707 656 2.53984 1.5708
277 658 2.53984 -1.74533
291 663 2.53984 0.174533
312 665 2.53984 1.5708
673 668 2.53984 -1.74533
1627 669 2.53984 -2.44346
262 684 2.53984 2.0944
120 686 2.53984 -0.523599
1862 692 2.53984 -0.872665
1783 694 2.53984 -2.26893
769 695 2.53984 -0.698132
382 707 2.53984 1.5708
2156 710 2.53984 -0.174533
2076 713 2.53984 0
1440 719 2.53984 1.39626
1674 719 2.53984 1.74533
1237 724 2.53984 -0.349066
964 726 2.53984 -0.872665
742 728 2.53984 -3.14159
1078 728 2.53984 1.5708
149 732 2.53984 -1.5708
1028 741 2.53984 1.5708
1733 742 2.53984 0.174533
1849 745 2.53984 -2.96706
1589 756 2.53984 0
1859 760 2.53984 -3.14159
1993 768 2.53984 -0.872665
43 772 2.53984 1.5708
914 773 2.53984 2.44346
1172 774 2.53984 2.61799
1756 774 2.53984 -3.14159
1803 776 2.53984 1.39626
2106 779 2.53984 2.0944
789 784 2.53984 1.74533
122 785 2.53984 -0.872665
205 792 2.53984 2.26893
1131 793 2.53984 2.79253
1635 800 2.53984 -2.96706
338 804 2.53984 2.79253
1989 804 2.53984 2.61799
2054 804 2.53984 -1.5708
562 808 2.53984 -1.22173
731 809 2.53984 1.74533
1922 812 2.53984 -0.698132
1559 815 2.53984 -0.349066
1676 817 2.53984 1.39626
1022 822 2.53984 -1.39626
573 832 2.53984 -2.96706
876 841 2.53984 -2.96706
2120 845 2.53984 -2.26893
1274 849 2.53984 1.91986
2170 849 2.53984 -1.74533
190 850 2.53984 -2.0944
1848 853 2.53984 -0.523599
666 864 2.53984 1.5708
1679 865 2.53984 0
2020 877 2.53984 -3.14159
2054 880 2.53984 1.22173
893 890 2.53984 -1.74533
943 890 2.53984 -1.5708
1944 891 2.53984 1.5708
1738 893 2.53984 1.74533
259 899 2.53984 2.61799
1682 901 2.53984 -1.39626
743 909 2.53984 2.0944
1783 910 2.53984 -2.26893
1933 910 2.53984 2.96706
1223 918 2.53984 -3.14159
1816 918 2.53984 -2.61799
2178 924 2.53984 -3.14159
1167 925 2.53984 -0.174533
648 929 2.53984 0.349066
2040 931 2.53984 -1.5708
1347 938 2.53984 -2.0944
216 939 2.53984 -2.79253
1091 942 2.53984 -3.14159
1686 949 2.53984 -0.174533
1431 960 2.53984 0.174533
1131 961 2.53984 1.74533
1219 961 2.53984 2.79253
428 962 2.53984 -0.872665
901 962 2.53984 0
1155 962 2.53984 -1.5708
1111 968 2.53984 -2.96706
324 982 2.53984 -2.96706
1485 985 2.53984 0.698132
756 996 2.53984 -0.349066
2187 998 2.53984 2.26893
1628 999 2.53984 -1.91986
2334 1012 2.53984 -2.96706
814 1014 2.53984 -0.349066
1357 1017 2.53984 0.872665
1414 1018 2.53984 -1.39626
1049 1024 2.53984 -1.5708
161 1026 2.53984 2.96706
1013 1034 2.53984 1.74533
362 1037 2.53984 -1.91986
2056 1037 2.53984 -1.39626
1162 1049 2.53984 -0.349066
85 1051 2.53984 -1.91986
759 1052 2.53984 1.5708
1209 1055 2.53984 -1.39626
2082 1061 2.53984 -1.22173
477 1066 2.53984 -3.14159
1814 1070 2.53984 1.39626
703 1085 2.53984 0
1265 1088 2.53984 -0.174533
1315 1089 2.53984 -2.26893
1980 1100 2.53984 -2.96706
215 1112 2.53984 1.74533
1576 1112 2.53984 2.96706
40 1113 2.53984 0.872665
925 1118 2.53984 -0.174533
259 1126 2.53984 -1.5708
2307 1127 2.53984 2.26893
1129 1128 2.53984 -0.174533
1380 1129 2.53984 -1.0472
581 1132 2.53984 -0.698132
2299 1135 2.53984 2.26893
1243 1139 2.53984 0
2153 1143 2.53984 -2.96706
52 1145 2.53984 -0.698132
249 1145 2.53984 0.698132
1552 1151 2.53984 0.872665
1789 1158 2.53984 1.39626
399 1179 2.53984 2.96706
1894 1183 2.53984 0.523599
27 1185 2.53984 1.91986
715 1186 2.53984 -1.0472
1841 1186 2.53984 -3.14159
2230 1187 2.53984 0.523599
25 1194 2.53984 1.91986
2019 1194 2.53984 1.39626
2103 1195 2.53984 1.74533
849 1198 2.53984 2.79253
79 1199 2.53984 -1.91986
253 1200 2.53984 1.91986
2153 1200 2.53984 0.174533
11 1204 2.53984 0.174533
956 1209 2.53984 1.0472
1599 1209 2.53984 -2.44346
2125 1222 2.53984 -2.61799
446 1225 2.53984 -0.872665
723 1234 2.53984 0.872665
1897 1234 2.53984 1.74533
1960 1234 2.53984 -2.96706
1106 1235 2.53984 -1.39626
1090 1237 2.53984 -2.44346
728 1240 2.53984 -1.91986
27 1241 2.53984 2.96706
1671 1245 2.53984 -1.0472
1719 1245 2.53984 0.698132
2082 1245 2.53984 1.74533
638 1248 2.53984 -1.91986
2130 1249 2.53984 1.39626
2059 1253 2.53984 -1.0472
2311 1259 2.53984 -0.174533
2035 1266 2.53984 -1.91986
707 1274 2.53984 1.5708
1167 1275 2.53984 -3.14159
1604 1277 2.53984 0.698132
1892 1279 2.53984 -1.91986
1203 1280 2.53984 0.872665
838 1285 2.53984 -2.96706
1978 1302 2.53984 -2.79253
1830 1304 2.53984 1.74533
253 1308 2.53984 -1.5708
968 1308 2.53984 -2.0944
1110 1310 2.53984 0.349066
661 1313 2.53984 0
1575 1315 2.53984 -1.74533
2321 1320 2.53984 -0.174533
440 1322 2.53984 -2.79253
1832 1324 2.53984 0
1464 1330 2.53984 -1.39626
2072 1331 2.53984 -3.14159
1819 1333 2.53984 1.91986
1905 1335 2.53984 1.0472
1232 1340 2.53984 1.39626
1977 1341 2.53984 -1.39626
87 1345 2.53984 -2.61799
967 1346 2.53984 1.5708
386 1348 2.53984 0.174533
1696 1359 2.53984 1.22173
633 1363 2.53984 1.91986
374 1365 2.53984 0.174533
1117 1367 2.53984 0.872665
1577 1367 2.53984 -1.39626
1478 1368 2.53984 -2.79253
1029 1370 2.53984 1.39626
2086 1375 2.53984 1.22173
1459 1394 2.53984 2.96706
217 1399 2.53984 -0.698132
186 1407 2.53984 1.91986
865 1407 2.53984 0.523599
1269 1408 2.53984 -1.0472
1576 1410 2.53984 1.5708
1465 1418 2.53984 0.523599
707 1421 2.53984 -1.22173
1130 1421 2.53984 -2.26893
1450 1422 2.53984 2.79253
687 1425 2.53984 -0.523599
421 1434 2.53984 -0.872665
326 1437 2.53984 2.79253
170 1438 2.53984 -2.79253
1167 1439 2.53984 1.22173
2261 1440 2.53984 0
2300 1440 2.53984 -1.0472
439 1445 2.53984 1.74533
2274 1447 2.53984 0.523599
1613 1450 2.53984 -0.174533
727 1452 2.53984 0.349066
476 1457 2.53984 -0.174533
952 1458 2.53984 1.0472
1202 1462 2.53984 -1.0472
2089 1477 2.53984 -0.523599
1363 1479 2.53984 1.5708
303 1484 2.53984 2.26893
872 1486 2.53984 -2.96706
1976 1486 2.53984 -0.523599
2327 1500 2.53984 -1.22173
427 1510 2.53984 1.74533
824 1511 2.53984 -0.174533
916 1511 2.53984 2.96706
6 1521 2.53984 -2.0944
1511 1537 2.53984 1.22173
1293 1540 2.53984 -0.872665
1111 1541 2.53984 2.26893
773 1553 2.53984 -2.44346
1316 1554 2.53984 1.5708
1668 1558 2.53984 -1.39626
1675 1560 2.53984 0
1603 1562 2.53984 -3.14159
1678 1567 2.53984 0.872665
1804 1569 2.53984 0
100 1570 2.53984 2.61799
806 1572 2.53984 -2.61799
1235 1582 2.53984 0.523599
374 1587 2.53984 0.523599
1021 1587 2.53984 -2.96706
1749 1589 2.53984 0.698132
10 1593 2.53984 0.349066
1842 1594 2.53984 -0.698132
1502 1602 2.53984 2.79253
1493 1604 2.53984 2.79253
1298 1608 2.53984 -1.5708
864 1620 2.53984 -0.523599
1504 1621 2.53984 -0.174533
84 1625 2.53984 -1.39626
2171 1628 2.53984 -2.61799
595 1632 2.53984 -2.0944
1767 1636 2.53984 -1.5708
1238 1638 2.53984 -0.349066
808 1640 2.53984 -2.44346
1358 1646 2.53984 2.96706
1555 1652 2.53984 2.44346
371 1659 2.53984 -2.96706
416 1660 2.53984 2.44346
1200 1685 2.53984 0.349066
1134 1690 2.53984 -2.44346
273 1697 2.53984 1.39626
508 1697 2.53984 0
373 1699 2.53984 1.5708
2289 1700 2.53984 0.349066
345 1704 2.53984 1.5708
124 1708 2.53984 -0.523599
852 1714 2.53984 0.698132
2204 1715 2.53984 2.44346
159 1722 2.53984 1.74533
1582 1726 2.53984 0.698132
2087 1726 2.53984 0.872665
422 1728 2.53984 1.91986
1924 1728 2.53984 2.0944
138 1736 2.53984 -0.872665
479 1738 2.53984 -2.96706
827 1738 2.53984 1.74533
629 1739 2.53984 1.22173
1888 1746 2.53984 0.698132
634 1750 2.53984 1.22173
1430 1750 2.53984 0
921 1752 2.53984 -1.74533
1409 1753 2.53984 -0.174533
1738 1753 2.53984 0.174533
1109 10 3.2 -3.14159
416 17 3.2 0.698132
2139 38 3.2 -0.523599
630 39 3.2 -0.349066
893 44 3.2 2.96706
1610 48 3.2 -1.74533
1564 51 3.2 2.96706
1092 52 3.2 2.44346
1350 53 3.2 2.96706
919 63 3.2 0.174533
1355 64 3.2 0.872665
259 65 3.2 -0.523599
1281 65 3.2 -0.698132
142 84 3.2 -1.74533
226 90 3.2 -2.44346
2001 91 3.2 -1.74533
2111 99 3.2 -2.61799
2166 104 3.2 -2.61799
854 105 3.2 0.872665
786 111 3.2 -1.0472
365 115 3.2 -2.0944
319 123 3.2 -2.96706
779 123 3.2 -1.0472
1087 125 3.2 -1.39626
1007 132 3.2 2.96706
1510 133 3.2 -0.523599
938 137 3.2 0
2178 143 3.2 2.26893
891 150 3.2 1.5708
1100 151 3.2 0.174533
628 152 3.2 0.174533
937 153 3.2 -1.22173
1250 160 3.2 2.44346
1660 165 3.2 0
1985 167 3.2 1.5708
663 168 3.2 2.79253
1198 168 3.2 2.26893
589 173 3.2 -2.79253
861 174 3.2 2.79253
1364 184 3.2 -1.5708
119 188 3.2 -2.61799
792 192 3.2 -2.96706
1505 195 3.2 -1.74533
1288 201 3.2 2.26893
823 207 3.2 -3.14159
1160 210 3.2 1.39626
2269 219 3.2 -1.74533
1769 228 3.2 1.5708
1896 228 3.2 -2.96706
2226 228 3.2 2.96706
130 232 3.2 0.698132
592 232 3.2 -1.91986
1834 232 3.2 2.96706
832 233 3.2 -0.174533
75 234 3.2 -0.349066
1051 237 3.2 0.349066
464 247 3.2 -2.79253
1024 247 3.2 -0.872665
766 254 3.2 -0.872665
1377 258 3.2 0.349066
371 261 3.2 1.5708
1740 266 3.2 2.61799
386 271 3.2 -1.91986
844 275 3.2 1.0472
1778 278 3.2 -1.74533
283 281 3.2 0
596 281 3.2 0
353 282 3.2 -2.44346
850 282 3.2 1.0472
1086 282 3.2 0
1158 284 3.2 1.0472
1255 285 3.2 -1.0472
1509 288 3.2 2.61799
112 291 3.2 -3.14159
364 294 3.2 -2.44346
324 296 3.2 2.79253
1191 297 3.2 0
1589 298 3.2 -1.39626
423 302 3.2 -1.5708
1978 302 3.2 2.44346
1693 307 3.2 -1.39626
1555 310 3.2 0.349066
101 317 3.2 -2.79253
1798 319 3.2 -1.0472
1821 319 3.2 2.44346
243 324 3.2 0.523599
1809 327 3.2 -0.523599
916 329 3.2 -1.22173
1332 333 3.2 1.22173
50 336 3.2 -2.61799
1738 337 3.2 -2.26893
1458 350 3.2 -2.96706
2185 353 3.2 2.61799
2231 353 3.2 0.872665
1101 354 3.2 -2.0944
779 355 3.2 -2.96706
234 356 3.2 -1.74533
777 364 3.2 -2.96706
11 365 3.2 1.5708
1259 367 3.2 -1.91986
2224 370 3.2 -2.61799
1955 374 3.2 -1.5708
1632 378 3.2 -2.44346
1927 391 3.2 0.174533
621 392 3.2 2.0944
36 397 3.2 0.872665
1514 397 3.2 1.0472
2319 399 3.2 -0.174533
1914 400 3.2 1.74533
284 410 3.2 2.0944
1229 412 3.2 -1.0472
1877 416 3.2 1.74533
101 417 3.2 1.91986
1814 417 3.2 -1.91986
775 419 3.2 -1.39626
431 422 3.2 2.26893
1815 427 3.2 -1.91986
2125 427 3.2 -1.22173
1442 434 3.2 -2.44346
1096 436 3.2 -2.0944
1536 447 3.2 1.22173
1707 447 3.2 2.0944
903 456 3.2 1.91986
1989 458 3.2 -2.79253
497 460 3.2 -2.96706
507 461 3.2 -2.96706
2278 462 3.2 -0.349066
2269 469 3.2 -0.349066
1189 475 3.2 2.26893
357 476 3.2 -3.14159
1535 477 3.2 -3.14159
2330 483 3.2 1.0472
1302 485 3.2 -1.91986
120 487 3.2 1.5708
1944 488 3.2 1.0472
431 489 3.2 -1.5708
2313 491 3.2 1.22173
1627 504 3.2 1.5708
1316 512 3.2 -1.5708
1160 514 3.2 -2.61799
1303 517 3.2 -2.44346
2297 522 3.2 1.0472
2326 522 3.2 -0.174533
1848 526 3.2 -1.39626
400 533 3.2 1.5708
1131 535 3.2 -2.96706
1747 536 3.2 1.91986
473 537 3.2 0
543 537 3.2 2.61799
320 542 3.2 1.91986
1725 542 3.2 -2.44346
2044 542 3.2 -1.91986
681 545 3.2 1.91986
1015 546 3.2 2.0944
2137 546 3.2 -2.79253
2059 547 3.2 1.39626
136 548 3.2 -2.44346
193 554 3.2 -0.698132
23 555 3.2 -1.74533
2151 558 3.2 -0.523599
504 563 3.2 2.26893
1648 565 3.2 0.872665
901 567 3.2 -1.91986
1307 567 3.2 1.74533
2304 571 3.2 0.523599
1784 573 3.2 -2.0944
90 575 3.2 -1.5708
795 577 3.2 0
1542 578 3.2 1.22173
470 579 3.2 -1.5708
1996 579 3.2 -0.523599
870 582 3.2 0.698132
1850 586 3.2 0.174533
1764 587 3.2 -2.96706
147 588 3.2 0.698132
1929 588 3.2 -0.698132
277 589 3.2 0.174533
1350 592 3.2 -0.174533
1468 595 3.2 -2.26893
1648 600 3.2 1.74533
1992 601 3.2 1.22173
221 604 3.2 0.523599
194 608 3.2 0.523599
201 613 3.2 -2.96706
599 615 3.2 1.74533
210 617 3.2 -2.96706
1048 617 3.2 0
434 629 3.2 -3.14159
1122 637 3.2 2.96706
294 640 3.2 -1.39626
964 642 3.2 -0.523599
1264 645 3.2 -1.5708
1709 652 3.2 -1.39626
14 655 3.2 -2.79253
1292 657 3.2 -2.0944
1611 660 3.2 -0.872665
300 662 3.2 0.174533
1075 666 3.2 -1.0472
1831 668 3.2 -2.96706
1095 675 3.2 1.5708
1961 676 3.2 -1.91986
823 681 3.2 -3.14159
51 682 3.2 1.0472
1799 684 3.2 1.39626
373 685 3.2 2.79253
929 690 3.2 -1.74533
545 693 3.2 -1.22173
137 695 3.2 1.91986
541 708 3.2 2.44346
1850 708 3.2 1.91986
1258 731 3.2 1.5708
281 733 3.2 -0.872665
2085 735 3.2 -0.174533
1648 741 3.2 -0.872665
1332 744 3.2 1.74533
819 745 3.2 -1.91986
218 746 3.2 -0.872665
1345 748 3.2 1.91986
1695 749 3.2 -2.26893
2317 750 3.2 0.523599
845 758 3.2 -0.349066
560 765 3.2 2.96706
1182 767 3.2 2.61799
82 768 3.2 2.0944
208 769 3.2 0.698132
1134 769 3.2 -1.5708
382 770 3.2 -1.91986
1229 770 3.2 2.61799
1471 770 3.2 0
217 775 3.2 2.79253
2094 775 3.2 1.0472
268 780 3.2 -3.14159
1743 786 3.2 -2.0944
1995 786 3.2 0.872665
1846 787 3.2 2.26893
2218 788 3.2 -1.39626
248 791 3.2 2.44346
1043 794 3.2 -2.79253
1236 795 3.2 0.174533
2261 795 3.2 2.26893
200 799 3.2 2.44346
1934 801 3.2 0.174533
2072 802 3.2 -1.22173
1329 805 3.2 2.79253
2238 813 3.2 0.523599
585 817 3.2 0.872665
1151 821 3.2 -2.26893
822 825 3.2 -2.79253
1355 826 3.2 -0.523599
922 827 3.2 1.39626
1498 828 3.2 0.523599
361 834 3.2 1.39626
1366 841 3.2 0.174533
664 855 3.2 1.39626
1355 860 3.2 2.79253
2130 863 3.2 -1.22173
1601 866 3.2 1.39626
340 869 3.2 0
1336 871 3.2 1.39626
750 874 3.2 -0.349066
593 875 3.2 -0.174533
326 879 3.2 -2.96706
2285 880 3.2 0.698132
208 882 3.2 0.174533
770 883 3.2 -1.22173
268 886 3.2 2.79253
1553 886 3.2 2.96706
688 900 3.2 2.26893
1047 901 3.2 2.26893
1110 901 3.2 2.96706
616 902 3.2 -1.22173
823 905 3.2 1.5708
1349 908 3.2 -1.5708
1213 916 3.2 -3.14159
1760 920 3.2 0.698132
401 921 3.2 -2.96706
1704 922 3.2 2.96706
1986 925 3.2 -1.74533
774 926 3.2 -0.523599
734 931 3.2 0.174533
2239 932 3.2 -2.96706
1448 934 3.2 0.872665
658 937 3.2 -2.61799
757 939 3.2 2.96706
265 947 3.2 0.174533
209 948 3.2 1.74533
435 949 3.2 2.0944
1191 949 3.2 1.39626
957 953 3.2 -0.349066
2002 955 3.2 -1.39626
1383 957 3.2 0.872665
2084 960 3.2 -1.39626
1502 964 3.2 -2.44346
1614 966 3.2 -1.74533
752 972 3.2 0.349066
1154 974 3.2 -2.26893
1462 974 3.2 -2.96706
730 978 3.2 0.872665
1002 979 3.2 2.0944
132 982 3.2 1.0472
359 982 3.2 -1.91986
817 991 3.2 1.74533
613 992 3.2 -1.39626
1504 992 3.2 2.0944
1951 993 3.2 -0.698132
180 994 3.2 -3.14159
727 994 3.2 -2.61799
879 995 3.2 -1.5708
434 997 3.2 1.74533
940 998 3.2 -1.22173
1916 998 3.2 1.5708
245 999 3.2 0.523599
456 999 3.2 -2.79253
1802 1005 3.2 -1.5708
1175 1007 3.2 0.174533
1236 1007 3.2 2.61799
1373 1007 3.2 0.174533
1941 1014 3.2 2.44346
1238 1026 3.2 0.174533
153 1028 3.2 2.96706
961 1036 3.2 1.5708
1218 1038 3.2 -0.349066
2246 1039 3.2 -2.79253
1842 1042 3.2 0.174533
1035 1047 3.2 2.26893
2088 1049 3.2 -1.22173
27 1056 3.2 0.698132
1057 1056 3.2 -0.349066
1781 1056 3.2 1.0472
2174 1058 3.2 -2.96706
285 1059 3.2 1.0472
1127 1064 3.2 0.174533
934 1066 3.2 1.5708
1431 1066 3.2 0.174533
1406 1073 3.2 -2.0944
530 1074 3.2 2.0944
857 1074 3.2 0.698132
765 1075 3.2 2.26893
1799 1081 3.2 1.22173
948 1090 3.2 -1.5708
82 1099 3.2 2.61799
1502 1100 3.2 2.96706
1211 1106 3.2 0.872665
2113 1109 3.2 -2.26893
88 1114 3.2 1.0472
679 1116 3.2 -0.349066
799 1122 3.2 -1.74533
871 1123 3.2 0
1509 1125 3.2 2.79253
352 1131 3.2 -1.0472
1980 1133 3.2 -2.96706
1679 1138 3.2 -1.74533
1773 1138 3.2 -0.523599
1143 1145 3.2 0
45 1150 3.2 -0.698132
1826 1152 3.2 1.74533
2327 1155 3.2 2.0944
464 1156 3.2 -2.61799
1664 1163 3.2 -2.0944
748 1164 3.2 -0.698132
1052 1180 3.2 -0.349066
1916 1184 3.2 -1.22173
161 1188 3.2 -2.61799
484 1190 3.2 0.349066
567 1191 3.2 -1.0472
1942 1195 3.2 0.174533
1591 1203 3.2 -2.44346
27 1204 3.2 0
1385 1216 3.2 0
862 1220 3.2 0.872665
1295 1220 3.2 1.91986
769 1223 3.2 1.5708
996 1224 3.2 -1.5708
1150 1225 3.2 2.79253
2311 1226 3.2 -1.39626
309 1233 3.2 -1.5708
255 1236 3.2 1.22173
1651 1236 3.2 -2.96706
1500 1237 3.2 -2.79253
634 1241 3.2 -1.91986
434 1247 3.2 -2.26893
1297 1247 3.2 -1.5708
1285 1248 3.2 -0.174533
730 1249 3.2 -1.91986
1067 1251 3.2 -1.5708
1219 1253 3.2 -2.61799
1400 1253 3.2 0.174533
1015 1254 3.2 2.61799
572 1255 3.2 0.349066
1373 1257 3.2 2.79253
892 1260 3.2 0
539 1262 3.2 0.698132
294 1266 3.2 0
709 1266 3.2 1.5708
1596 1266 3.2 -0.349066
1890 1271 3.2 -1.91986
1700 1273 3.2 2.96706
140 1282 3.2 -0.174533
1038 1282 3.2 -2.79253
240 1284 3.2 1.0472
70 1287 3.2 2.61799
962 1295 3.2 -2.0944
180 1296 3.2 2.0944
449 1303 3.2 0.349066
1060 1306 3.2 1.74533
2067 1310 3.2 0.872665
200 1320 3.2 -0.698132
2108 1321 3.2 -0.872665
1491 1326 3.2 1.5708
638 1336 3.2 0.349066
647 1338 3.2 0.349066
2124 1350 3.2 -2.79253
810 1359 3.2 -1.5708
1761 1359 3.2 2.79253
37 1360 3.2 -0.174533
1973 1368 3.2 1.5708
916 1371 3.2 2.26893
2193 1375 3.2 0.523599
745 1377 3.2 0.174533
1655 1377 3.2 0.349066
1746 1380 3.2 -1.5708
2219 1389 3.2 2.61799
2259 1391 3.2 0.174533
1312 1400 3.2 -0.523599
1794 1402 3.2 2.61799
1624 1409 3.2 1.22173
1883 1411 3.2 -3.14159
144 1416 3.2 2.26893
1612 1419 3.2 1.91986
1587 1421 3.2 0.698132
594 1422 3.2 -1.74533
1076 1423 3.2 2.96706
2162 1423 3.2 -3.14159
215 1427 3.2 -2.79253
1394 1430 3.2 1.0472
874 1432 3.2 0.349066
2281 1433 3.2 -2.0944
1736 1434 3.2 -3.14159
1286 1436 3.2 -2.44346
2087 1436 3.2 1.74533
2122 1440 3.2 -1.22173
180 1444 3.2 2.0944
2016 1455 3.2 1.91986
1182 1456 3.2 2.61799
411 1459 3.2 -1.74533
2079 1467 3.2 0.523599
545 1469 3.2 2.44346
131 1479 3.2 2.44346
1850 1482 3.2 2.96706
2259 1483 3.2 -1.5708
13 1488 3.2 -2.96706
549 1492 3.2 0.174533
125 1496 3.2 -1.22173
247 1497 3.2 -2.79253
1341 1499 3.2 -2.26893
430 1500 3.2 1.74533
974 1506 3.2 -1.74533
1912 1513 3.2 0.872665
1660 1518 3.2 -1.74533
1583 1520 3.2 1.5708
544 1524 3.2 -2.79253
1124 1531 3.2 -1.0472
1432 1537 3.2 -2.96706
325 1540 3.2 1.91986
1180 1541 3.2 1.22173
580 1545 3.2 2.0944
1611 1557 3.2 -3.14159
1684 1557 3.2 0.698132
1640 1560 3.2 0.174533
390 1566 3.2 1.74533
435 1567 3.2 -0.523599
1301 1581 3.2 2.96706
1194 1590 3.2 1.0472
1089 1591 3.2 -1.5708
863 1596 3.2 -3.14159
369 1598 3.2 -2.79253
55 1602 3.2 -0.349066
993 1604 3.2 -2.96706
1151 1604 3.2 0.349066
969 1609 3.2 -3.14159
78 1612 3.2 1.22173
612 1615 3.2 2.61799
2185 1616 3.2 -1.39626
51 1619 3.2 -2.61799
2155 1622 3.2 -1.74533
1832 1623 3.2 0.174533
1795 1624 3.2 -1.0472
433 1629 3.2 0.872665
1958 1629 3.2 1.5708
1628 1630 3.2 1.22173
1993 1640 3.2 -1.5708
1779 1646 3.2 0.872665
624 1654 3.2 -0.523599
245 1661 3.2 -0.698132
1694 1662 3.2 -0.523599
2292 1664 3.2 -1.91986
1301 1667 3.2 -0.349066
2243 1668 3.2 1.5708
715 1673 3.2 2.44346
1300 1681 3.2 -2.0944
816 1685 3.2 -3.14159
1306 1689 3.2 -2.0944
1210 1692 3.2 -0.872665
1921 1693 3.2 -0.872665
1347 1697 3.2 -0.174533
2163 1698 3.2 1.5708
1852 1713 3.2 0.174533
345 1716 3.2 1.5708
598 1719 3.2 2.96706
2263 1720 3.2 -2.44346
1509 1721 3.2 -1.5708
1026 1722 3.2 -0.349066
981 1731 3.2 -2.44346
496 1732 3.2 1.22173
1634 1732 3.2 -1.22173
754 1733 3.2 0.872665
2094 1733 3.2 0.872665
1027 1735 3.2 0.523599
1367 1735 3.2 2.61799
254 1739 3.2 1.39626
2244 1741 3.2 -2.0944
113 1748 3.2 2.61799
2024 1748 3.2 -1.39626
166 1751 3.2 -1.39626
1827 1755 3.2 -1.5708
186 14 2.53984 0.698132
846 16 2.53984 -1.74533
1644 16 2.53984 1.0472
416 18 2.53984 -2.0944
22 22 2.53984 2.96706
600 24 2.53984 0.174533
1606 24 2.53984 -1.5708
1162 28 2.53984 -0.523599
246 30 2.53984 1.5708
1650 32 2.53984 1.0472
1372 36 2.53984 -1.74533
1942 38 2.53984 -0.174533
1408 44 2.53984 1.74533
1576 44 2.53984 2.79253
1610 48 2.53984 -1.74533
1936 54 2.53984 -2.0944
1156 58 2.53984 -0.872665
1654 58 2.53984 -1.91986
2270 58 2.53984 1.5708
14 66 2.53984 1.74533
2190 66 2.53984 -3.14159
1844 78 2.53984 -3.14159
142 84 2.53984 -2.44346
1242 84 2.53984 1.22173
1792 86 2.53984 -2.96706
382 92 2.53984 0.349066
1038 92 2.53984 1.74533
1978 94 2.53984 -1.91986
648 102 2.53984 1.5708
2164 104 2.53984 -2.79253
1212 106 2.53984 -1.5708
786 110 2.53984 -1.22173
824 116 2.53984 -3.14159
1436 116 2.53984 1.5708
320 122 2.53984 -0.698132
1542 122 2.53984 -2.79253
1820 124 2.53984 2.79253
1146 130 2.53984 -1.74533
1510 132 2.53984 2.61799
924 134 2.53984 -0.174533
1982 142 2.53984 1.5708
628 152 2.53984 -1.0472
936 154 2.53984 -1.0472
766 162 2.53984 -1.39626
1982 166 2.53984 -1.39626
662 168 2.53984 0
1878 170 2.53984 0.349066
2154 172 2.53984 -1.0472
1588 174 2.53984 1.22173
50 176 2.53984 -2.44346
1892 176 2.53984 0.349066
2300 184 2.53984 -1.39626
758 190 2.53984 0
1596 194 2.53984 1.22173
2248 196 2.53984 -1.91986
1288 202 2.53984 -0.872665
2080 202 2.53984 -1.5708
822 206 2.53984 0.174533
2132 208 2.53984 -0.698132
1706 212 2.53984 -2.96706
286 214 2.53984 0
566 214 2.53984 1.5708
306 216 2.53984 0
1832 218 2.53984 2.44346
2154 220 2.53984 -1.5708
2330 220 2.53984 -1.39626
1770 228 2.53984 1.5708
1896 228 2.53984 0.174533
2226 228 2.53984 2.44346
1656 232 2.53984 -0.698132
50 238 2.53984 0
1050 238 2.53984 -3.14159
276 240 2.53984 1.74533
1642 242 2.53984 -0.698132
648 246 2.53984 -2.44346
150 252 2.53984 -3.14159
1798 252 2.53984 2.79253
274 256 2.53984 1.74533
1662 256 2.53984 2.26893
1378 258 2.53984 0.349066
1186 264 2.53984 1.0472
198 272 2.53984 1.0472
1412 274 2.53984 -0.174533
284 282 2.53984 -0.174533
594 282 2.53984 -0.698132
266 288 2.53984 0
1742 288 2.53984 0.174533
1780 290 2.53984 2.61799
2176 294 2.53984 1.5708
1314 296 2.53984 1.22173
444 300 2.53984 -0.174533
1768 300 2.53984 2.61799
424 302 2.53984 -0.174533
1742 304 2.53984 0
1556 310 2.53984 -2.96706
972 312 2.53984 -0.174533
1236 318 2.53984 0.872665
2300 322 2.53984 1.74533
330 326 2.53984 -2.44346
916 328 2.53984 -1.22173
2174 328 2.53984 -1.5708
624 330 2.53984 -1.39626
846 330 2.53984 2.44346
2054 330 2.53984 2.61799
1332 332 2.53984 1.0472
488 334 2.53984 2.26893
2230 354 2.53984 2.96706
886 356 2.53984 -1.39626
708 358 2.53984 2.96706
2052 358 2.53984 -1.91986
778 360 2.53984 -2.96706
8 364 2.53984 1.74533
254 364 2.53984 1.5708
392 370 2.53984 -2.96706
1954 374 2.53984 -2.26893
58 376 2.53984 0
1632 378 2.53984 0.872665
538 388 2.53984 2.79253
2262 388 2.53984 0.872665
36 398 2.53984 -1.91986
932 398 2.53984 -2.96706
1514 398 2.53984 2.96706
2332 398 2.53984 -0.174533
100 416 2.53984 -1.91986
1878 416 2.53984 -1.22173
1156 418 2.53984 1.0472
1986 420 2.53984 0.349066
432 422 2.53984 2.26893
2124 426 2.53984 -0.698132
746 428 2.53984 -2.96706
1488 434 2.53984 2.44346
1782 438 2.53984 0.523599
1936 440 2.53984 0.872665
120 442 2.53984 -2.96706
228 448 2.53984 -0.349066
1708 448 2.53984 2.26893
1146 458 2.53984 1.22173
1092 464 2.53984 2.79253
1494 464 2.53984 2.96706
748 476 2.53984 1.91986
228 478 2.53984 -1.39626
1704 482 2.53984 0.174533
1720 482 2.53984 0
1128 484 2.53984 -3.14159
1504 484 2.53984 0
120 486 2.53984 1.5708
460 486 2.53984 1.5708
1302 486 2.53984 1.0472
2104 486 2.53984 1.5708
1628 490 2.53984 1.5708
908 494 2.53984 -0.698132
1856 498 2.53984 1.5708
2134 498 2.53984 -1.39626
2244 500 2.53984 -0.523599
770 506 2.53984 -1.39626
1628 506 2.53984 1.5708
1316 510 2.53984 1.0472
80 518 2.53984 -1.5708
2296 522 2.53984 1.91986
206 530 2.53984 -0.174533
220 530 2.53984 -0.174533
798 534 2.53984 2.26893
1746 536 2.53984 -0.349066
322 544 2.53984 2.0944
934 546 2.53984 2.79253
2058 546 2.53984 -1.91986
192 554 2.53984 0.174533
1672 558 2.53984 -2.79253
2268 558 2.53984 1.0472
504 562 2.53984 1.22173
766 562 2.53984 -0.523599
1564 562 2.53984 -2.96706
2124 562 2.53984 1.0472
1624 564 2.53984 -1.22173
1306 566 2.53984 1.74533
1182 570 2.53984 2.0944
2200 576 2.53984 -1.5708
1850 586 2.53984 -3.14159
146 588 2.53984 -2.26893
1764 588 2.53984 -2.0944
1932 588 2.53984 1.5708
278 590 2.53984 0.174533
1192 600 2.53984 2.96706
1490 600 2.53984 -1.91986
222 602 2.53984 -2.26893
1990 602 2.53984 -1.74533
1076 608 2.53984 -1.5708
460 612 2.53984 0.174533
1530 612 2.53984 -3.14159
1598 612 2.53984 -2.26893
1736 618 2.53984 2.44346
774 620 2.53984 2.79253
1486 622 2.53984 -0.523599
754 628 2.53984 -1.0472
1140 630 2.53984 2.96706
524 636 2.53984 1.74533
1122 638 2.53984 2.79253
106 642 2.53984 -1.5708
742 642 2.53984 -1.0472
964 642 2.53984 -0.698132
834 648 2.53984 -3.14159
1620 650 2.53984 -0.698132
2254 650 2.53984 -1.74533
864 658 2.53984 0
1380 666 2.53984 -1.22173
1832 670 2.53984 -2.26893
1020 680 2.53984 -1.74533
1872 680 2.53984 -0.872665
374 686 2.53984 1.22173
930 688 2.53984 1.91986
1564 690 2.53984 1.0472
1140 696 2.53984 1.74533
972 702 2.53984 -2.44346
1946 704 2.53984 -1.5708
1664 706 2.53984 -2.26893
1186 708 2.53984 -2.44346
288 740 2.53984 -0.872665
454 742 2.53984 0.174533
1904 742 2.53984 0
482 746 2.53984 1.5708
1694 750 2.53984 0.872665
1164 754 2.53984 1.39626
1482 754 2.53984 -2.79253
896 756 2.53984 2.44346
844 758 2.53984 -0.523599
666 760 2.53984 0.872665
1330 760 2.53984 -1.0472
230 770 2.53984 2.61799
1228 770 2.53984 2.61799
1422 770 2.53984 0.698132
914 772 2.53984 2.61799
870 776 2.53984 1.39626
1892 778 2.53984 2.96706
442 786 2.53984 0.174533
1082 790 2.53984 2.61799
1044 794 2.53984 -2.79253
1236 794 2.53984 1.0472
2018 796 2.53984 -1.91986
2162 796 2.53984 1.91986
594 800 2.53984 -2.44346
1066 800 2.53984 2.61799
1934 800 2.53984 0.523599
2072 802 2.53984 -0.872665
2054 806 2.53984 -1.74533
1812 812 2.53984 2.96706
2238 812 2.53984 -0.349066
84 814 2.53984 1.22173
1084 822 2.53984 -2.26893
1514 822 2.53984 1.5708
520 828 2.53984 0.523599
790 828 2.53984 -1.74533
404 830 2.53984 1.74533
1632 830 2.53984 -1.22173
92 832 2.53984 1.22173
362 834 2.53984 -0.698132
1294 836 2.53984 1.91986
1174 840 2.53984 0.523599
1202 846 2.53984 -0.698132
1666 846 2.53984 0.872665
1188 854 2.53984 0.698132
1368 854 2.53984 2.61799
448 858 2.53984 0.174533
1300 860 2.53984 0.174533
1108 864 2.53984 2.96706
2182 864 2.53984 0.523599
810 868 2.53984 1.5708
1128 868 2.53984 2.96706
96 870 2.53984 1.22173
2276 870 2.53984 0.698132
2320 870 2.53984 0.523599
1818 874 2.53984 -1.74533
2094 876 2.53984 1.39626
268 888 2.53984 2.61799
826 890 2.53984 1.74533
76 892 2.53984 1.0472
712 892 2.53984 1.22173
2096 892 2.53984 1.39626
254 894 2.53984 2.61799
18 906 2.53984 -2.26893
1664 906 2.53984 -1.74533
44 912 2.53984 -2.79253
678 912 2.53984 2.26893
1034 912 2.53984 2.44346
2178 918 2.53984 -2.96706
400 920 2.53984 -2.79253
1760 920 2.53984 0.872665
1330 926 2.53984 0.698132
734 932 2.53984 -2.96706
1450 934 2.53984 0.872665
1346 938 2.53984 0.698132
212 944 2.53984 1.91986
1190 948 2.53984 1.39626
2186 948 2.53984 -1.74533
170 956 2.53984 1.22173
1384 956 2.53984 -1.91986
126 958 2.53984 0.523599
206 960 2.53984 1.91986
1430 964 2.53984 0.174533
1442 968 2.53984 0.174533
1944 968 2.53984 -1.5708
618 970 2.53984 -3.14159
1776 970 2.53984 -1.39626
1522 972 2.53984 -3.14159
36 976 2.53984 -0.174533
1152 976 2.53984 -1.74533
1474 976 2.53984 -0.698132
1834 976 2.53984 1.39626
340 978 2.53984 0.174533
1002 980 2.53984 2.0944
132 982 2.53984 -1.91986
358 982 2.53984 0.174533
816 990 2.53984 -1.22173
1232 990 2.53984 -3.14159
562 994 2.53984 1.0472
880 994 2.53984 1.74533
1248 994 2.53984 -3.14159
996 996 2.53984 -0.523599
244 998 2.53984 0.523599
1986 998 2.53984 1.5708
456 1000 2.53984 -2.79253
1436 1008 2.53984 -1.74533
476 1010 2.53984 -2.61799
1742 1010 2.53984 -2.26893
1596 1012 2.53984 -1.91986
342 1014 2.53984 -1.0472
1942 1014 2.53984 1.5708
206 1022 2.53984 -3.14159
1238 1026 2.53984 -0.523599
1316 1026 2.53984 1.39626
1442 1026 2.53984 -1.74533
1218 1038 2.53984 -0.523599
2246 1040 2.53984 -1.5708
1034 1046 2.53984 -0.174533
514 1048 2.53984 1.74533
28 1056 2.53984 0.872665
2174 1058 2.53984 1.5708
1964 1062 2.53984 2.44346
796 1064 2.53984 1.39626
152 1066 2.53984 1.22173
1042 1066 2.53984 -0.349066
1126 1066 2.53984 0
1432 1066 2.53984 0.174533
392 1070 2.53984 -0.698132
236 1074 2.53984 -0.174533
356 1078 2.53984 -3.14159
1490 1078 2.53984 1.91986
666 1082 2.53984 0
1152 1082 2.53984 -2.61799
1574 1082 2.53984 -0.523599
158 1086 2.53984 1.22173
1044 1086 2.53984 2.96706
1278 1086 2.53984 0
628 1088 2.53984 2.44346
1704 1088 2.53984 1.22173
1548 1098 2.53984 -1.39626
82 1100 2.53984 2.79253
1488 1102 2.53984 2.96706
1148 1106 2.53984 -0.523599
1408 1112 2.53984 -1.39626
1620 1116 2.53984 -0.872665
1730 1116 2.53984 0.523599
2152 1116 2.53984 0.174533
228 1118 2.53984 -1.39626
870 1122 2.53984 -2.96706
1100 1124 2.53984 1.39626
1510 1124 2.53984 2.79253
352 1130 2.53984 -0.872665
1772 1138 2.53984 -2.79253
1936 1142 2.53984 -0.174533
1388 1148 2.53984 2.61799
896 1152 2.53984 -1.91986
618 1158 2.53984 -1.74533
206 1162 2.53984 1.74533
1664 1162 2.53984 -2.44346
2194 1162 2.53984 2.79253
1088 1164 2.53984 1.5708
710 1166 2.53984 1.39626
1866 1168 2.53984 0.174533
2178 1168 2.53984 2.79253
1606 1174 2.53984 2.0944
576 1180 2.53984 -0.872665
1916 1184 2.53984 -1.22173
918 1186 2.53984 0
160 1188 2.53984 0.174533
592 1194 2.53984 -2.26893
1214 1194 2.53984 -2.0944
2238 1194 2.53984 0.698132
2136 1196 2.53984 0.174533
26 1200 2.53984 -0.174533
422 1200 2.53984 -2.26893
664 1200 2.53984 1.91986
2152 1200 2.53984 -2.26893
12 1204 2.53984 -0.174533
1242 1204 2.53984 -0.174533
1348 1204 2.53984 -1.91986
898 1208 2.53984 -0.349066
344 1212 2.53984 -0.698132
1372 1214 2.53984 0
1294 1220 2.53984 -0.872665
956 1226 2.53984 0.872665
1066 1226 2.53984 2.61799
156 1228 2.53984 -0.349066
1632 1230 2.53984 0.174533
308 1234 2.53984 -1.74533
2004 1234 2.53984 1.74533
1650 1236 2.53984 0.349066
2270 1236 2.53984 -0.523599
634 1240 2.53984 -1.91986
674 1242 2.53984 -3.14159
1668 1242 2.53984 -2.96706
434 1248 2.53984 -1.5708
1122 1250 2.53984 2.0944
1568 1250 2.53984 -2.44346
1068 1252 2.53984 -1.39626
2028 1252 2.53984 -1.91986
572 1254 2.53984 0.523599
1016 1254 2.53984 2.61799
540 1262 2.53984 -1.91986
1976 1262 2.53984 -3.14159
2268 1272 2.53984 0.349066
2144 1276 2.53984 -3.14159
824 1278 2.53984 0
838 1278 2.53984 0
920 1278 2.53984 2.96706
242 1284 2.53984 -1.91986
180 1296 2.53984 -1.91986
560 1302 2.53984 1.22173
784 1302 2.53984 -2.79253
660 1314 2.53984 -0.174533
564 1318 2.53984 1.22173
100 1320 2.53984 2.26893
200 1320 2.53984 0
330 1320 2.53984 2.44346
730 1322 2.53984 1.5708
384 1328 2.53984 0.349066
318 1330 2.53984 2.44346
1576 1330 2.53984 1.39626
1432 1332 2.53984 -1.39626
1728 1332 2.53984 0.698132
1248 1336 2.53984 -0.174533
1740 1340 2.53984 0.698132
138 1344 2.53984 0.174533
2108 1346 2.53984 -2.79253
2124 1350 2.53984 -2.79253
442 1352 2.53984 1.39626
1578 1352 2.53984 -1.5708
1636 1352 2.53984 -2.79253
718 1356 2.53984 -1.5708
946 1358 2.53984 -1.22173
1760 1358 2.53984 -0.872665
38 1360 2.53984 -0.174533
1972 1368 2.53984 1.5708
916 1370 2.53984 -2.96706
1854 1370 2.53984 1.5708
844 1374 2.53984 2.0944
1360 1382 2.53984 0.349066
2220 1390 2.53984 -3.14159
416 1392 2.53984 1.0472
790 1396 2.53984 -2.26893
554 1400 2.53984 2.96706
990 1400 2.53984 -3.14159
1038 1404 2.53984 -2.0944
904 1406 2.53984 -2.96706
1576 1410 2.53984 -2.44346
480 1412 2.53984 -1.39626
712 1412 2.53984 -1.39626
840 1414 2.53984 -2.0944
144 1416 2.53984 1.91986
1588 1420 2.53984 -2.44346
2086 1422 2.53984 1.74533
40 1424 2.53984 1.74533
1076 1424 2.53984 0.872665
1804 1424 2.53984 -2.79253
1970 1424 2.53984 2.61799
1776 1428 2.53984 -0.174533
1394 1430 2.53984 -1.91986
722 1432 2.53984 -1.5708
2018 1432 2.53984 -1.5708
1736 1434 2.53984 -2.96706
2194 1442 2.53984 1.5708
1830 1448 2.53984 1.0472
648 1450 2.53984 2.44346
2016 1454 2.53984 -1.5708
1942 1456 2.53984 1.5708
850 1458 2.53984 0.523599
1036 1458 2.53984 1.0472
2114 1460 2.53984 1.22173
1762 1462 2.53984 0.698132
546 1468 2.53984 2.61799
1434 1468 2.53984 1.74533
2080 1468 2.53984 -0.872665
72 1478 2.53984 1.5708
130 1478 2.53984 2.0944
1780 1478 2.53984 0.698132
1296 1480 2.53984 -0.174533
1850 1482 2.53984 -3.14159
746 1484 2.53984 -3.14159
908 1486 2.53984 2.96706
24 1492 2.53984 -2.79253
124 1496 2.53984 -1.22173
840 1496 2.53984 -2.96706
1618 1498 2.53984 1.74533
324 1500 2.53984 0.523599
1906 1500 2.53984 -1.91986
1480 1504 2.53984 -2.96706
974 1506 2.53984 -2.0944
942 1512 2.53984 -1.74533
752 1516 2.53984 2.44346
1660 1518 2.53984 -1.74533
1958 1518 2.53984 -2.79253
102 1522 2.53984 2.44346
882 1522 2.53984 -0.872665
1922 1526 2.53984 0.872665
1790 1530 2.53984 -1.0472
500 1532 2.53984 2.96706
1666 1534 2.53984 -1.74533
1726 1536 2.53984 -1.22173
324 1540 2.53984 2.0944
1180 1540 2.53984 1.22173
1360 1540 2.53984 1.39626
1844 1546 2.53984 -3.14159
2188 1546 2.53984 -2.0944
1286 1548 2.53984 -0.698132
1268 1550 2.53984 1.5708
392 1552 2.53984 1.74533
704 1552 2.53984 -3.14159
1366 1556 2.53984 2.96706
1380 1556 2.53984 2.96706
1184 1558 2.53984 -1.5708
266 1562 2.53984 -2.44346
516 1564 2.53984 -1.22173
74 1570 2.53984 0.523599
1224 1578 2.53984 0.349066
666 1582 2.53984 -1.5708
954 1586 2.53984 -0.872665
2104 1586 2.53984 -2.26893
1408 1594 2.53984 -2.61799
1902 1594 2.53984 -2.79253
370 1596 2.53984 -2.79253
1422 1600 2.53984 -0.698132
1732 1600 2.53984 -0.523599
710 1604 2.53984 0.872665
1150 1604 2.53984 -2.96706
612 1614 2.53984 -0.349066
2324 1614 2.53984 -1.74533
12 1618 2.53984 2.26893
668 1620 2.53984 2.96706
1832 1622 2.53984 -2.96706
1870 1624 2.53984 2.96706
330 1628 2.53984 1.74533
434 1628 2.53984 0.872665
956 1632 2.53984 1.39626
1788 1634 2.53984 -1.0472
706 1636 2.53984 -1.5708
1180 1636 2.53984 -1.39626
370 1638 2.53984 -2.96706
36 1644 2.53984 -2.79253
958 1648 2.53984 1.39626
624 1654 2.53984 -0.523599
124 1656 2.53984 -0.523599
1592 1660 2.53984 1.91986
100 1666 2.53984 -0.523599
1244 1670 2.53984 -2.79253
376 1676 2.53984 -2.96706
1256 1682 2.53984 -3.14159
1240 1686 2.53984 -3.14159
1424 1686 2.53984 -1.39626
1920 1692 2.53984 1.74533
886 1694 2.53984 -3.14159
862 1696 2.53984 -3.14159
1162 1698 2.53984 0
1856 1698 2.53984 -2.61799
1510 1720 2.53984 -1.5708
1026 1722 2.53984 0
108 1726 2.53984 -3.14159
1010 1726 2.53984 0
1080 1726 2.53984 1.5708
1874 1726 2.53984 -1.5708
2330 1726 2.53984 2.0944
1634 1732 2.53984 -1.5708
1366 1734 2.53984 2.79253
1394 1734 2.53984 2.96706
312 1736 2.53984 -0.523599
434 1738 2.53984 -0.698132
1218 1738 2.53984 2.96706
1596 1738 2.53984 1.91986
2298 1738 2.53984 -1.91986
1136 1740 2.53984 -1.5708
2322 1742 2.53984 2.0944
336 1746 2.53984 -0.872665
1788 1748 2.53984 2.44346
166 1752 2.53984 -0.174533
378 28 3.2 0.698132
2326 30 3.2 1.74533
496 36 3.2 -2.96706
1816 42 3.2 2.0944
698 62 3.2 -0.872665
2328 72 3.2 2.26893
196 108 3.2 1.39626
1586 120 3.2 1.5708
1340 144 3.2 -2.0944
1406 152 3.2 1.22173
834 156 3.2 0.523599
1844 208 3.2 2.26893
922 214 3.2 -2.26893
254 216 3.2 -1.39626
1438 218 3.2 1.91986
532 230 3.2 0.872665
2192 264 3.2 -2.96706
1072 282 3.2 2.26893
2224 300 3.2 -2.26893
1994 314 3.2 -1.39626
2260 342 3.2 0.174533
1376 346 3.2 -2.26893
584 350 3.2 0.349066
74 378 3.2 0
668 424 3.2 1.74533
784 440 3.2 0.872665
1420 452 3.2 2.61799
1892 494 3.2 0
1584 496 3.2 1.5708
1926 520 3.2 -0.349066
2012 524 3.2 -0.174533
1998 538 3.2 2.0944
650 542 3.2 1.91986
2054 546 3.2 -2.0944
1506 550 3.2 -0.349066
1486 558 3.2 -0.349066
2302 572 3.2 0.523599
1484 584 3.2 1.74533
692 590 3.2 -1.39626
1270 612 3.2 1.39626
1382 648 3.2 -1.22173
2012 668 3.2 1.39626
88 710 3.2 -1.91986
1822 720 3.2 0.872665
2270 736 3.2 -1.74533
1526 752 3.2 1.39626
1648 776 3.2 1.5708
192 790 3.2 2.79253
2050 790 3.2 -1.5708
1860 836 3.2 -0.698132
1548 858 3.2 -2.79253
1234 870 3.2 2.79253
64 872 3.2 0
1286 890 3.2 -2.61799
474 896 3.2 -1.0472
2036 896 3.2 -1.91986
382 912 3.2 -2.79253
98 924 3.2 -2.0944
654 934 3.2 -2.26893
418 936 3.2 0.523599
792 938 3.2 0.523599
952 942 3.2 -0.698132
1218 960 3.2 2.96706
2232 966 3.2 -0.349066
2210 978 3.2 -0.349066
666 1006 3.2 0.523599
1194 1010 3.2 0.698132
722 1016 3.2 -2.26893
2154 1024 3.2 -2.79253
2178 1032 3.2 -2.79253
1978 1048 3.2 2.44346
1824 1054 3.2 1.0472
1060 1056 3.2 -0.349066
1498 1060 3.2 -3.14159
642 1082 3.2 2.44346
754 1084 3.2 -1.5708
916 1092 3.2 -1.74533
278 1094 3.2 -0.523599
1998 1096 3.2 -1.74533
1322 1130 3.2 1.22173
618 1140 3.2 -1.74533
904 1166 3.2 -1.91986
826 1186 3.2 1.39626
1956 1196 3.2 0.349066
2166 1216 3.2 0.174533
2212 1216 3.2 1.39626
212 1226 3.2 2.79253
1516 1244 3.2 -1.39626
140 1268 3.2 0
642 1270 3.2 -1.74533
1214 1284 3.2 0.349066
1164 1286 3.2 -3.14159
1262 1294 3.2 -0.174533
1942 1308 3.2 0.349066
88 1338 3.2 2.26893
118 1346 3.2 0.174533
2290 1346 3.2 1.22173
1974 1352 3.2 -1.22173
2198 1368 3.2 0.698132
1912 1386 3.2 1.91986
688 1388 3.2 2.44346
2274 1400 3.2 0.698132
2300 1416 3.2 0.698132
226 1432 3.2 -3.14159
1606 1434 3.2 1.91986
2102 1444 3.2 1.22173
172 1458 3.2 -2.26893
942 1460 3.2 1.0472
190 1488 3.2 1.74533
310 1490 3.2 0.523599
702 1502 3.2 -2.96706
2032 1508 3.2 2.44346
118 1512 3.2 2.44346
1078 1522 3.2 -3.14159
424 1538 3.2 -2.79253
2090 1560 3.2 -2.26893
1288 1582 3.2 2.96706
2286 1582 3.2 2.26893
56 1604 3.2 0.174533
274 1636 3.2 1.5708
1132 1664 3.2 1.5708
1844 1670 3.2 -2.79253
1300 1676 3.2 0.174533
1206 1690 3.2 -0.872665
1334 1698 3.2 2.79253
1314 1704 3.2 2.79253
2260 1720 3.2 1.74533
24 1724 3.2 -1.0472
636 1734 3.2 1.5708
1906 1740 3.2 2.44346
2246 1740 3.2 1.74533
700 1754 3.2 -2.96706
1496 48 2.53984 2.44346
1232 56 2.53984 2.44346
348 60 2.53984 -2.79253
1208 76 2.53984 2.44346
192 80 2.53984 1.22173
484 80 2.53984 2.79253
708 104 2.53984 -2.61799
2056 112 2.53984 -2.61799
240 156 2.53984 -2.26893
32 168 2.53984 -2.44346
2080 176 2.53984 1.91986
1680 204 2.53984 -3.14159
432 220 2.53984 2.96706
1444 220 2.53984 -1.0472
548 248 2.53984 -2.0944
188 252 2.53984 1.22173
612 272 2.53984 -0.349066
2224 300 2.53984 0.523599
1020 344 2.53984 -1.0472
1068 352 2.53984 -1.74533
2300 352 2.53984 1.74533
1120 388 2.53984 -1.0472
892 396 2.53984 -0.523599
52 428 2.53984 -2.0944
856 436 2.53984 1.22173
936 456 2.53984 2.0944
2264 456 2.53984 0
2052 476 2.53984 2.0944
588 484 2.53984 -1.5708
1892 492 2.53984 0.523599
2180 504 2.53984 2.26893
332 516 2.53984 2.0944
952 536 2.53984 2.79253
736 540 2.53984 2.79253
1200 552 2.53984 2.44346
2324 580 2.53984 0.523599
2088 588 2.53984 -0.698132
1508 612 2.53984 -0.523599
2176 628 2.53984 2.96706
1864 632 2.53984 0
940 656 2.53984 -3.14159
300 676 2.53984 -1.74533
2204 684 2.53984 -2.61799
308 708 2.53984 -1.74533
1396 752 2.53984 0.523599
632 756 2.53984 0.349066
932 764 2.53984 2.61799
2180 764 2.53984 2.0944
820 768 2.53984 2.0944
2128 768 2.53984 0.872665
1028 784 2.53984 0
1536 784 2.53984 1.22173
800 792 2.53984 2.0944
688 808 2.53984 -2.44346
856 824 2.53984 -2.61799
1140 856 2.53984 -2.44346
1524 856 2.53984 -0.349066
2200 876 2.53984 0.523599
1228 932 2.53984 -1.39626
424 940 2.53984 -0.174533
248 944 2.53984 2.61799
1496 956 2.53984 -2.44346
684 960 2.53984 -2.0944
2208 976 2.53984 -0.349066
1716 988 2.53984 -1.22173
968 1012 2.53984 -0.523599
1552 1024 2.53984 0.349066
1948 1036 2.53984 1.5708
1772 1040 2.53984 2.0944
420 1048 2.53984 2.79253
1836 1092 2.53984 0.872665
1652 1096 2.53984 -0.698132
2080 1108 2.53984 -2.96706
48 1164 2.53984 -0.174533
944 1208 2.53984 0.872665
1036 1244 2.53984 -0.523599
1292 1264 2.53984 1.5708
168 1276 2.53984 0
2288 1288 2.53984 0.523599
1288 1292 2.53984 1.5708
1972 1324 2.53984 -1.22173
1888 1336 2.53984 1.39626
492 1340 2.53984 2.0944
2292 1348 2.53984 -1.22173
1424 1368 2.53984 -1.39626
268 1412 2.53984 -2.44346
756 1432 2.53984 -2.0944
2104 1444 2.53984 1.39626
320 1456 2.53984 -1.0472
1184 1492 2.53984 -2.61799
1504 1532 2.53984 -1.22173
1184 1584 2.53984 -1.5708
1436 1584 2.53984 -0.872665
1064 1628 2.53984 -1.39626
36 1704 2.53984 -1.0472
1948 68 3.2 0.698132
2196 108 3.2 -1.91986
2088 136 3.2 1.91986
616 192 3.2 0.698132
2328 192 3.2 -1.39626
124 224 3.2 0.872665
564 280 3.2 -2.0944
1212 288 3.2 -2.26893
1052 308 3.2 -1.0472
664 356 3.2 2.96706
1428 388 3.2 2.26893
1728 424 3.2 2.26893
540 496 3.2 -2.0944
180 508 3.2 1.39626
2036 520 3.2 2.0944
2156 532 3.2 2.26893
572 544 3.2 -2.26893
696 556 3.2 -1.39626
316 612 3.2 -0.523599
900 652 3.2 -3.14159
464 660 3.2 -1.5708
156 684 3.2 1.5708
1840 752 3.2 1.39626
2236 772 3.2 2.26893
1316 784 3.2 2.0944
2056 788 3.2 2.0944
1488 864 3.2 -0.349066
488 868 3.2 -1.0472
148 920 3.2 -3.14159
2264 972 3.2 1.74533
412 1008 3.2 -2.79253
1692 1032 3.2 -1.22173
1460 1064 3.2 2.96706
796 1100 3.2 -0.872665
1008 1104 3.2 2.61799
1864 1132 3.2 -0.523599
1524 1160 3.2 1.5708
104 1180 3.2 2.26893
1152 1200 3.2 0
1520 1212 3.2 1.5708
800 1252 3.2 0.872665
1672 1364 3.2 -2.79253
1464 1404 3.2 -0.872665
1108 1444 3.2 -1.5708
2280 1492 3.2 -1.5708
2328 1516 3.2 -1.39626
388 1520 3.2 -2.44346
44 1528 3.2 0.872665
1108 1528 3.2 -3.14159
1000 1536 3.2 -2.26893
252 1544 3.2 -2.26893
1608 1576 3.2 2.79253
2164 1588 3.2 1.39626
1560 1596 3.2 2.79253
2264 1604 3.2 -1.22173
2240 1656 3.2 -1.22173
280 1664 3.2 1.39626
188 1700 3.2 0.523599
224 1728 3.2 0.523599
MATCHES 637
1 1 0
2 4 0
4 6 0
6 7 0
7 8 0
9 10 0
12 12 0
14 13 0
16 15 0
18 12 0.0987965
19 16 0
20 17 0
21 18 0
22 20 0
23 1214 0.135961
24 22 0
25 23 0
26 24 0
27 25 0
28 26 0
29 27 0
32 30 0
33 31 0
34 32 0
36 36 0
38 38 0
39 39 0
42 44 0.0152929
43 45 0
44 46 0
45 47 0
47 50 0
50 55 0
51 56 0
54 57 0
56 58 0
57 61 0
67 69 0
68 73 0
70 74 0
71 76 0
73 78 0
74 79 0
75 80 0
77 81 0
79 82 0
80 84 0
82 86 0
86 87 0
87 88 0
88 89 0
92 94 0
94 95 0
95 97 0
97 100 0
98 101 0
99 102 0
100 103 0
102 104 0
106 105 0
108 108 0
109 109 0
111 110 0
112 112 0
113 114 0
115 115 0
116 116 0
117 117 0
120 121 0
121 122 0
122 124 0
123 125 0
124 129 0
125 130 0
126 131 0
128 132 0
130 133 0
131 135 0
132 136 0
133 137 0
134 138 0
135 139 0
138 143 0
139 145 0
140 146 0
141 147 0
142 148 0
143 152 0
144 155 0
147 158 0
148 159 0
149 160 0
150 161 0
151 162 0
152 163 0
153 164 0
155 167 0
160 170 0
161 172 0
162 173 0
163 174 0
165 175 0
166 176 0
167 177 0
173 179 0
175 180 0
178 183 0
180 184 0
185 190 0
186 191 0
187 192 0
189 193 0
191 194 0
194 200 0
195 201 0
196 206 0
197 207 0
198 208 0
199 209 0
201 211 0
203 214 0
204 215 0
206 219 0
210 220 0
212 221 0
214 225 0
216 227 0
221 231 0
222 232 0
224 235 0
226 237 0
230 244 0
232 247 0
233 248 0
236 251 0
237 253 0
238 254 0
239 255 0.000410013
241 256 0
243 257 0
244 259 0
248 263 0
252 266 0
253 267 0
255 268 0
256 269 0
259 271 0.0401779
260 272 0
261 273 0
263 276 0
265 278 0
266 104 0.182756
268 282 0
269 284 0
270 285 0
271 286 0
272 288 0
273 290 0
275 294 0
276 295 0
278 328 0.211084
281 298 0
285 300 0
286 301 0
289 304 0
291 307 0
292 308 0
293 309 0
295 311 0
297 312 0
301 315 0
304 316 0
305 319 0
306 320 0
307 162 0.121619
308 321 0
309 322 0
311 326 0
313 1519 0.241013
317 331 0
318 508 0.197126
319 336 0
323 339 0
324 340 0
325 341 0
327 342 0
330 345 0
333 353 0
334 354 0
336 355 0
337 135 0.0923314
341 357 0
342 358 0
343 359 0
344 362 0
346 365 0
347 366 0
348 367 0
350 371 0
351 372 0
352 374 0
355 375 0
356 376 0
357 377 0
359 381 0
361 384 0
363 385 0
364 386 0
369 390 0
370 391 0
373 394 0
374 395 0
375 396 0
382 400 0
384 401 0
386 408 0
387 409 0
390 411 0
391 412 0
396 414 0.0163777
401 419 0
405 421 0
406 423 0
407 151 0.385835
408 426 0
411 429 0
412 430 0
416 432 0
418 433 0
419 434 0
420 435 0
421 437 0
422 438 0
423 439 0
425 441 0
426 444 0
428 446 0
430 447 0.000344408
431 448 2.58735e-07
433 449 6.65336e-05
438 456 0.000687291
441 457 0
443 819 0.0600579
448 459 0
450 460 0
451 463 0
454 465 0
455 467 0
461 469 0
463 470 0
464 474 0
467 475 0
468 476 0
470 477 0
471 478 0
472 479 0
473 480 0
475 482 0
480 484 0
481 485 0
482 486 0
483 487 0
486 491 0
487 493 0
488 494 0
491 496 0
493 497 0
494 722 0.109499
500 500 0
501 501 0.0477242
506 506 0
507 507 0
508 509 0
509 510 0
511 511 0
513 512 0
514 513 0
517 514 0
519 516 0
522 518 0
523 519 0
525 521 0
526 522 0
527 523 0
528 524 0
529 525 0
531 529 0
532 530 0
533 531 0
534 534 0
535 538 0
537 541 0
538 543 0
539 545 0
543 550 0
544 551 0
546 552 0
548 553 0
549 554 0.0877273
555 560 0
556 561 0
560 565 0
561 568 0
563 570 0
564 571 0
566 575 0
570 578 0
571 580 0
572 581 0
575 585 0
580 589 0
581 591 0
587 600 0
588 601 0
589 603 0
590 604 0
591 605 0
593 608 0
594 609 0
595 612 0
596 613 0
597 614 0
601 616 0
602 618 0
604 622 0
605 623 0
606 625 0
607 627 0
609 630 0
610 632 0
617 637 0
619 638 0
620 639 0
622 640 0
623 641 0
624 642 0
627 643 0
628 644 0
629 645 0
630 646 0
636 649 0
638 652 0
639 653 0
642 655 0
645 657 0
646 658 0
648 660 0
650 661 0
651 662 0
652 663 0
654 664 0
660 667 0
663 671 0
664 672 0
667 676 0
668 677 0
669 679 0
670 680 0
671 681 0
673 682 0
674 685 0
675 687 0
677 692 0
678 693 0
680 696 0
684 701 0
685 702 0.0082736
686 703 0
687 705 0
688 638 0.229209
690 707 0
695 709 0
700 713 0
702 715 0
703 716 0
704 717 0
705 719 0
706 720 0
707 721 0
710 723 0
711 724 0
712 725 0
714 726 0
716 727 0
718 731 0
722 734 0
724 735 0
725 738 0
726 739 0
727 740 0
728 741 0
729 742 0
730 744 0
734 750 0
736 751 0.0446299
738 753 0
739 754 0
740 755 0
741 756 0
745 757 0
746 758 0
747 761 0
748 762 0
750 763 0
752 764 0
753 765 0
754 767 0
755 768 0
764 775 0
766 776 0
767 780 0
768 782 0
769 783 0
770 786 0
771 787 0
772 788 0
774 791 0
775 792 0
776 793 0
780 543 0.134323
782 795 0
784 796 0
787 800 0
789 801 0
791 802 0
793 803 0
794 805 0
798 809 0
799 810 0
802 813 0
803 815 0
807 816 0
808 818 0
810 819 0
811 820 0
812 823 0
818 825 0
820 827 0
821 828 0
822 829 0.000316071
824 831 0
825 832 0
826 835 0
827 836 0
828 839 0
829 840 0
830 843 0
831 844 0
832 846 0
833 847 0
835 848 0
836 849 0
839 853 0
840 854 0
842 855 0
843 856 0
844 857 0
845 858 0
846 859 0
847 860 0
848 649 0.0938865
852 862 0
854 722 0.080379
855 865 0
856 866 0
862 868 0
864 870 0
867 872 0
869 874 0
877 883 0
878 886 0
879 887 0
880 543 0.125255
882 889 0
884 891 0
887 897 0
893 900 0
894 902 0
897 903 0
900 906 0.000292566
901 907 0
902 908 0
903 909 0
904 911 0
905 912 0
907 916 0
908 917 0
909 919 0
910 921 0
915 925 0
917 926 0
920 929 0
921 930 0
922 931 0
923 932 0
924 933 0
925 934 0.000534647
926 674 0.0882099
927 935 0
929 936 0
930 937 0
932 939 0
935 943 0
939 948 0
941 949 0
944 954 0
948 956 0
953 737 0.271094
954 963 0
955 964 0
956 967 0
959 968 0
960 969 0
961 971 0
962 973 1.01602e-09
965 975 0.000121801
978 988 0.216112
991 1007 0.196616
992 1448 0.197185
996 1012 0.33303
1013 1023 0.235628
1019 1030 0.229827
1027 1038 0.214717
1032 1041 0.251625
1033 1043 0.342116
1041 1445 0.0720535
1050 1249 0.325712
1055 1062 0.320318
1057 1065 0.241509
1059 1710 0.18525
1100 1104 0.22611
1103 133 0.139693
1137 1141 0.313391
1139 1140 0.225212
1149 1150 0.234414
1150 1151 0.267645
1172 1177 0.247105
1174 1180 0.253768
1176 275 0.170793
1177 1181 0.240374
1188 1190 0.270423
1210 1205 0.282512
1212 1208 0.208925
1214 1211 0.378838
1215 1212 0.222241
1221 1220 0.288495
1234 1235 0.191438
1247 1247 0.220462
1254 1254 0.294068
1277 1277 0.261178
1278 1281 0.316009
1284 1291 0.22541
1308 1320 0.193319
1309 1321 0.303642
1314 1214 0.130573
1323 1336 0.185703
1326 1338 0.318607
1327 684 0.170822
1328 1343 0.288254
1346 1363 0.22419
1358 1380 0.243859
1361 1080 0.211845
1366 1392 0.225651
1368 1397 0.270259
1369 1398 0.229167
1377 1406 0.228062
1379 1407 0.246943
1385 1411 0.254111
1387 1413 0.204807
1395 1422 0.252938
1403 1433 0.1713
1421 212 0.158401
1423 1448 0.217696
1428 1457 0.27532
1445 1480 0.200177
1466 1510 0.303764
1477 1519 0.148317
1485 210 0.160899
1491 1536 0.28097
1510 39 0.205814
1511 1550 0.30754
1512 14 0.317328
1530 1826 0.210762
1541 905 0.177972
1546 1590 0.261249
1561 1222 0.244067
1575 1620 0.183652
1588 1631 0.212445
1589 1633 0.179216
1599 863 0.0862839
1600 1645 0.237585
1602 958 0.275341
1604 1609 0.270922
1615 1654 0.212288
1624 1661 0.254356
1626 1416 0.231516
1627 1667 0.221735
1629 1668 0.225948
1637 1682 0.231296
1639 1685 0.262159
1640 1686 0.191597
1660 1707 0.0944299
1662 1710 0.156803
1673 1721 0.250479
1676 1723 0.127402
1677 1724 0.18841
1683 1728 0.166119
1690 973 0.213782
1691 1003 0.156146
1694 1737 0.139574
1696 1738 0.280355
1700 1745 0.212976
1701 1746 0.176866
1703 1748 0.264556
1704 1750 0.159719
1705 1751 0.179308
1707 1753 0.225403
1710 1757 0.144094
1712 1758 0.145759
1720 1723 0.287192
1725 1765 0.151323
1740 1782 0.137962
1744 1787 0.105989
1747 1791 0.30781
1764 1803 0.113653
1767 1829 0.299736
1769 1806 0.147078
1770 1808 0.225109
1788 1820 0.154565
1799 1830 0.112133
1804 1833 0.1627
1805 1834 0.113407
1806 1837 0.135705
1807 1840 0.097598
1812 498 0.118439
1814 964 0.153779
1818 1850 0.137417
